Data load is complete.
Number of measurements :100, Number of ground truths: 100
Initializing Fusion Extended Kalman Filter
x_ =9.94065
9.93306
10.6151
10.6075
P_ = 1.41804  1.41804 0.824571 0.824571
 1.41804  1.41804 0.824571 0.824571
0.824571 0.824571  3.04698 -0.20146
0.824571 0.824571 -0.20146  3.04698
x_ = 16.4155
-10.0536
 20.2517
-17.0359
P_ = 0.377748  -0.28975  0.470819 -0.469816
 -0.28975  0.378185  -0.46979  0.471475
 0.470819  -0.46979   1.37083  -1.28348
-0.469816  0.471475  -1.28348   1.37276
x_ =18.1845
12.1141
20.1172
22.7215
P_ =0.424033 0.464478 0.730803 0.944239
0.464478 0.723277 0.975977   1.2678
0.730803 0.975977   1.5993  1.97715
0.944239   1.2678  1.97715  2.67408
x_ = 20.6786
 -8.6222
 19.5697
-16.2974
P_ = 0.591171 -0.563947   1.08229  -1.10739
-0.563947  0.717789  -1.17735   1.20741
  1.08229  -1.17735   2.32506  -2.31697
 -1.10739   1.20741  -2.31697   2.48945
x_ =21.5562
12.2027
16.7272
19.5841
P_ =0.361669 0.456342  0.62475 0.917963
0.456342 0.844966 0.989877  1.45641
 0.62475 0.989877   1.3984  1.96014
0.917963  1.45641  1.96014   3.0253
x_ = 23.2941
-5.71229
 14.5717
-11.3373
P_ = 0.521101 -0.538679  0.960016  -1.04437
-0.538679  0.754373  -1.13627    1.2364
 0.960016  -1.13627   2.08774  -2.21531
 -1.04437    1.2364  -2.21531   2.54737
x_ =23.3869
10.9615
11.4315
14.2119
P_ =0.222941 0.322453  0.35357  0.67327
0.322453 0.843973 0.749233  1.41986
 0.35357 0.749233  0.84176  1.48145
 0.67327  1.41986  1.48145  3.01983
x_ =  25.5316
-0.877084
  8.78382
 -5.28881
P_ = 0.389648 -0.443004  0.711168 -0.858019
-0.443004  0.728607 -0.944695    1.1349
 0.711168 -0.944695   1.58173    -1.861
-0.858019    1.1349    -1.861   2.41954
x_ =  24.49
8.87856
4.91237
5.11836
P_ = 0.095766  0.101323 0.0733708  0.302183
 0.101323  0.795224  0.326254   1.28207
0.0733708  0.326254  0.230176  0.631984
 0.302183   1.28207  0.631984   3.03014
x_ =26.3929
  4.577
3.12565
1.23325
P_ = 0.177795 -0.241119  0.284695 -0.517082
-0.241119  0.647325 -0.497051  0.899234
 0.284695 -0.497051  0.682467  -1.19495
-0.517082  0.899234  -1.19495   2.50589
x_ = 27.1383
 7.85809
  2.4531
0.801132
P_ =  0.097685  -0.151625  0.0318312 -0.0860237
 -0.151625   0.664237  -0.164595   0.860719
 0.0318312  -0.164595   0.231222  -0.705925
-0.0860237   0.860719  -0.705925    3.38537
x_ = 29.6545
 8.26723
 2.83668
0.657215
P_ = 0.101521 -0.182125  0.093326 -0.245666
-0.182125   0.72043 -0.229406  0.774183
 0.093326 -0.229406   0.36691 -0.991318
-0.245666  0.774183 -0.991318   3.49975
x_ =32.0063
9.50058
2.44274
1.27634
P_ = 0.112103 -0.222498  0.085237 -0.242195
-0.222498  0.850066 -0.241362  0.914971
 0.085237 -0.241362  0.355088  -1.00643
-0.242195  0.914971  -1.00643   3.74957
x_ =34.8377
10.9507
 2.8349
  1.314
P_ = 0.135681 -0.277856  0.124443 -0.318118
-0.277856  0.953107 -0.315714  0.977836
 0.124443 -0.315714  0.455248  -1.19611
-0.318118  0.977836  -1.19611    3.8852
x_ = 37.551
12.3022
2.71328
1.36159
P_ = 0.163928 -0.349065  0.143298 -0.367536
-0.349065   1.11934 -0.371084   1.12628
 0.143298 -0.371084  0.512348  -1.32282
-0.367536   1.12628  -1.32282   4.11833
x_ =40.0417
13.6623
2.55849
 1.4069
P_ = 0.190508 -0.413875  0.166528 -0.418045
-0.413875   1.26882 -0.424685   1.23174
 0.166528 -0.424685  0.575263  -1.45194
-0.418045   1.23174  -1.45194   4.32851
x_ =42.6384
15.0173
2.74746
1.42599
P_ = 0.220215 -0.481025  0.192561  -0.47142
-0.481025   1.40913 -0.480019   1.33134
 0.192561 -0.480019   0.64096  -1.57631
 -0.47142   1.33134  -1.57631   4.50223
x_ =45.5375
16.4785
2.82327
1.42504
P_ = 0.252081 -0.556252  0.216109 -0.527065
-0.556252    1.5808 -0.536337   1.46194
 0.216109 -0.536337   0.69363  -1.68472
-0.527065   1.46194  -1.68472   4.69797
x_ =48.0611
17.6174
2.44066
1.13591
P_ = 0.287259 -0.639901  0.243009 -0.588958
-0.639901   1.77551  -0.59826   1.60049
 0.243009  -0.59826  0.748064  -1.79647
-0.588958   1.60049  -1.79647   4.90353
x_ =50.5833
18.7873
2.62234
1.20644
P_ =  0.31075 -0.699665  0.254227 -0.623147
-0.699665   1.92705 -0.629841    1.6964
 0.254227 -0.629841  0.774591  -1.86579
-0.623147    1.6964  -1.86579   5.08407
x_ =53.3744
19.8467
2.60665
1.01245
P_ = 0.342252 -0.777393  0.279573 -0.682081
-0.777393   2.11753 -0.688769   1.83051
 0.279573 -0.688769  0.816379  -1.95545
-0.682081   1.83051  -1.95545   5.26514
x_ =55.8783
20.9596
2.45823
1.07458
P_ = 0.367731 -0.849813  0.290371 -0.725138
-0.849813   2.32261 -0.726872   1.97017
 0.290371 -0.726872  0.829045  -2.01068
-0.725138   1.97017  -2.01068   5.46948
x_ =58.5119
21.9856
2.64916
1.04599
P_ = 0.399467 -0.926988  0.317104 -0.779419
-0.926988   2.50858  -0.78461   2.07893
 0.317104  -0.78461   0.87371  -2.09963
-0.779419   2.07893  -2.09963   5.62668
x_ = 60.9226
 22.7529
  2.4515
0.810508
P_ = 0.431133  -1.01045  0.333486 -0.830959
 -1.01045   2.72854 -0.832133   2.22643
 0.333486 -0.832133  0.894422   -2.1636
-0.830959   2.22643   -2.1636   5.82013
x_ =63.5671
23.6533
2.46106
0.85558
P_ =  0.44844  -1.06881  0.337328 -0.859219
 -1.06881   2.91675 -0.855982   2.33831
 0.337328 -0.855982  0.894994  -2.19676
-0.859219   2.33831  -2.19676   5.99342
x_ = 65.911
24.0627
2.18796
0.43494
P_ =  0.47527  -1.14626  0.357263 -0.910879
 -1.14626   3.13925 -0.909638   2.47745
 0.357263 -0.909638  0.916765  -2.25835
-0.910879   2.47745  -2.25835   6.16715
x_ = 68.4994
 24.5313
 2.56455
0.537982
P_ = 0.478174  -1.18425  0.343588 -0.919251
 -1.18425   3.32522 -0.905164   2.59142
 0.343588 -0.905164  0.882979  -2.24471
-0.919251   2.59142  -2.24471   6.34746
x_ = 70.8212
 24.7645
 2.20341
0.224406
P_ = 0.490849  -1.24854  0.352126 -0.960116
 -1.24854    3.5857 -0.946872   2.75761
 0.352126 -0.946872  0.876278  -2.27075
-0.960116   2.75761  -2.27075   6.54747
x_ = 73.0373
  25.013
 2.15719
0.233221
P_ = 0.488759  -1.27928  0.340761 -0.965651
 -1.27928   3.77974 -0.943954   2.86174
 0.340761 -0.943954  0.844589  -2.25346
-0.965651   2.86174  -2.25346   6.71386
x_ = 75.0538
 25.1692
 2.02943
0.158111
P_ = 0.492691  -1.31994  0.343633 -0.988707
 -1.31994   3.98518 -0.969174   2.98134
 0.343633 -0.969174  0.834131  -2.26484
-0.988707   2.98134  -2.26484   6.87337
x_ =  77.0386
   25.276
  1.73614
0.0471254
P_ = 0.494644  -1.35393  0.340632  -1.00247
 -1.35393   4.17225 -0.980488   3.08605
 0.340632 -0.980488  0.816626  -2.26181
 -1.00247   3.08605  -2.26181   7.01616
x_ = 79.0419
 25.0375
 1.92883
-0.14984
P_ = 0.493288  -1.37951  0.336231  -1.01105
 -1.37951   4.34262 -0.988377   3.18055
 0.336231 -0.988377  0.798163  -2.25426
 -1.01105   3.18055  -2.25426   7.14685
x_ =  81.0077
  24.8259
   1.6962
-0.228449
P_ = 0.479305  -1.39093  0.315591  -1.00569
 -1.39093   4.55641 -0.969702   3.31826
 0.315591 -0.969702  0.747769  -2.20005
 -1.00569   3.31826  -2.20005   7.32073
x_ =  82.5513
  24.7627
  1.52063
-0.135089
P_ = 0.465335  -1.39645  0.305571   -1.0015
 -1.39645   4.74479 -0.968212   3.41533
 0.305571 -0.968212  0.716669  -2.16816
  -1.0015   3.41533  -2.16816   7.45483
x_ =  84.2284
  24.4026
  1.66215
-0.285263
P_ = 0.462314  -1.41326  0.307142  -1.01046
 -1.41326   4.89356 -0.984977   3.48717
 0.307142 -0.984977  0.708594  -2.16952
 -1.01046   3.48717  -2.16952   7.55705
x_ =  85.9083
  23.8243
  1.50692
-0.528321
P_ = 0.448583   -1.4158  0.287946 -0.999811
  -1.4158   5.07869 -0.960625     3.604
 0.287946 -0.960625  0.664939  -2.11279
-0.999811     3.604  -2.11279   7.70207
x_ =  87.4815
  23.4201
  1.36538
-0.438051
P_ = 0.421825  -1.39045  0.263418 -0.970817
 -1.39045   5.24944 -0.923146   3.69975
 0.263418 -0.923146  0.612511  -2.03305
-0.970817   3.69975  -2.03305   7.83416
x_ =  88.5941
  22.9594
   1.2119
-0.471304
P_ = 0.406579  -1.38261  0.257794 -0.964534
 -1.38261   5.41037 -0.926932   3.78016
 0.257794 -0.926932  0.590462  -2.00459
-0.964534   3.78016  -2.00459   7.94066
x_ =  89.7428
  22.4768
   1.0121
-0.513002
P_ = 0.391864  -1.36812  0.246295 -0.949022
 -1.36812   5.52451 -0.909786   3.83596
 0.246295 -0.909786  0.563226  -1.96131
-0.949022   3.83596  -1.96131   8.02829
x_ = 90.8282
  22.067
 1.14276
-0.42006
P_ = 0.375991  -1.34901   0.23448 -0.931394
 -1.34901   5.63174 -0.892191    3.8949
  0.23448 -0.892191  0.535943  -1.91515
-0.931394    3.8949  -1.91515    8.1113
x_ =  91.9891
  21.5534
  1.04779
-0.504729
P_ = 0.364912  -1.34158  0.227923 -0.923929
 -1.34158    5.7646 -0.888677   3.96995
 0.227923 -0.888677  0.516601  -1.88414
-0.923929   3.96995  -1.88414   8.19606
x_ =  93.1894
  21.0508
  1.08531
-0.496689
P_ = 0.348999   -1.3213  0.213737 -0.902581
  -1.3213   5.88825 -0.862153    4.0368
 0.213737 -0.862153  0.486345  -1.82718
-0.902581    4.0368  -1.82718   8.28136
x_ = 93.9505
 20.5322
 0.86527
-0.54356
P_ =  0.33377  -1.30253   0.20321 -0.885861
 -1.30253   6.02793 -0.846535   4.11358
  0.20321 -0.846535  0.461333  -1.77992
-0.885861   4.11358  -1.77992   8.37175
x_ =  94.6293
  19.9142
  0.75671
-0.606825
P_ = 0.317976  -1.27378   0.19252 -0.862853
 -1.27378   6.10376 -0.824268   4.14339
  0.19252 -0.824268  0.438658  -1.73221
-0.862853   4.14339  -1.73221   8.42835
x_ =  95.5356
  19.5095
 0.926853
-0.443436
P_ = 0.300427   -1.2382  0.179515 -0.835817
  -1.2382   6.17115 -0.794098    4.1813
 0.179515 -0.794098  0.412024  -1.67266
-0.835817    4.1813  -1.67266   8.48827
x_ =   96.504
  18.9186
 0.884105
-0.554977
P_ = 0.291504  -1.22752  0.176832 -0.830604
 -1.22752   6.28813 -0.798145   4.24908
 0.176832 -0.798145  0.400689  -1.65067
-0.830604   4.24908  -1.65067   8.55429
x_ =  97.4938
  18.2187
  0.99232
-0.640146
P_ =   0.2764  -1.19906  0.162525 -0.803215
 -1.19906   6.39945 -0.761062   4.30929
 0.162525 -0.761062  0.372514  -1.58304
-0.803215   4.30929  -1.58304   8.62592
x_ =  98.4021
  18.0024
  0.84585
-0.362377
P_ =  0.25722  -1.15863  0.147861 -0.770783
 -1.15863   6.52733 -0.723542   4.38053
 0.147861 -0.723542  0.343048  -1.50844
-0.770783   4.38053  -1.50844   8.70902
x_ =   99.151
  17.3473
  0.93625
-0.517173
P_ = 0.253496  -1.15664  0.153199 -0.776893
 -1.15664   6.62278 -0.753471   4.41819
 0.153199 -0.753471  0.346068  -1.52174
-0.776893   4.41819  -1.52174   8.75361
x_ =  100.282
  16.8913
 0.998815
-0.458152
P_ = 0.240092  -1.12636  0.137489 -0.745216
 -1.12636   6.72295 -0.702539   4.47644
 0.137489 -0.702539  0.317449  -1.44338
-0.745216   4.47644  -1.44338   8.82651
x_ =  101.211
  16.4353
 0.944174
-0.462921
P_ = 0.228771  -1.10369  0.131835 -0.729447
 -1.10369   6.86235 -0.694506   4.55168
 0.131835 -0.694506  0.303599  -1.40694
-0.729447   4.55168  -1.40694   8.90093
x_ =  102.137
  15.8737
  1.00864
-0.522462
P_ = 0.218719  -1.08105  0.125042 -0.711592
 -1.08105   6.97499 -0.676349   4.60405
 0.125042 -0.676349  0.288814   -1.3646
-0.711592   4.60405   -1.3646   8.96309
x_ =  102.968
  15.1977
  1.02803
-0.634643
P_ = 0.206293  -1.04941   0.11532 -0.686152
 -1.04941   7.09447 -0.645487   4.66755
  0.11532 -0.645487  0.269666  -1.30589
-0.686152   4.66755  -1.30589   9.03558
x_ = 103.991
 14.7205
 1.20501
-0.52332
P_ = 0.190803   -1.0037  0.103718 -0.651666
  -1.0037   7.20307 -0.604234   4.72262
 0.103718 -0.604234  0.247631  -1.23224
-0.651666   4.72262  -1.23224   9.10194
x_ =  105.274
  14.0567
  1.26488
-0.611203
P_ = 0.181455 -0.979467  0.100211 -0.638356
-0.979467   7.34562 -0.599815   4.79704
 0.100211 -0.599815   0.23754  -1.19995
-0.638356   4.79704  -1.19995   9.17457
x_ =  106.511
  14.0359
  1.39625
-0.216927
P_ = 0.169255 -0.943356 0.0899257 -0.608146
-0.943356   7.51013 -0.559283   4.88439
0.0899257 -0.559283  0.217655  -1.12699
-0.608146   4.88439  -1.12699   9.26122
x_ =  108.061
  13.7446
  1.56472
-0.266516
P_ = 0.170938 -0.960508 0.0980752 -0.628757
-0.960508   7.67614 -0.612707   4.96119
0.0980752 -0.612707   0.22671  -1.16861
-0.628757   4.96119  -1.16861   9.32888
x_ =  109.483
  13.2469
   1.4537
-0.421112
P_ = 0.168507 -0.964073 0.0922738 -0.619845
-0.964073   7.89018 -0.588493   5.07242
0.0922738 -0.588493  0.215548   -1.1294
-0.619845   5.07242   -1.1294   9.42956
x_ =  111.261
   12.894
  1.76249
-0.334663
P_ = 0.158266 -0.931815 0.0830073 -0.589259
-0.931815   8.06735 -0.548741   5.15339
0.0830073 -0.548741  0.199726  -1.06643
-0.589259   5.15339  -1.06643   9.51717
x_ =  112.902
   12.752
  1.74079
-0.215973
P_ = 0.151741 -0.917567 0.0803401 -0.580061
-0.917567   8.32186 -0.547229   5.28552
0.0803401 -0.547229   0.19234  -1.03987
-0.580061   5.28552  -1.03987   9.63361
x_ =  114.819
  12.3918
  1.89189
-0.303978
P_ = 0.150055 -0.922029 0.0809096  -0.58277
-0.922029     8.543 -0.559618    5.3822
0.0809096 -0.559618  0.190741  -1.03773
 -0.58277    5.3822  -1.03773   9.72455
x_ =  116.857
   12.073
  2.15019
-0.294818
P_ = 0.144521 -0.909972 0.0747138 -0.566341
-0.909972   8.80683 -0.530323   5.51456
0.0747138 -0.530323  0.179455 -0.989685
-0.566341   5.51456 -0.989685   9.84542
x_ =   118.913
   12.2295
   2.11083
-0.0174128
P_ = 0.138758  -0.89692 0.0710936 -0.554016
 -0.89692   9.10947 -0.519598   5.66014
0.0710936 -0.519598  0.171821 -0.957412
-0.554016   5.66014 -0.957412    9.9713
x_ =   120.988
   12.1813
   2.13844
-0.0243099
P_ = 0.142232 -0.928098 0.0773159 -0.578002
-0.928098   9.38518 -0.570149   5.77916
0.0773159 -0.570149  0.178959 -0.999392
-0.578002   5.77916 -0.999392   10.0757
x_ = 123.168
 12.5932
  2.2908
0.254808
P_ = 0.143555 -0.949145 0.0757834 -0.581776
-0.949145   9.67502 -0.564075   5.91211
0.0757834 -0.564075  0.175482  -0.98756
-0.581776   5.91211  -0.98756   10.1939
x_ =  125.47
 12.9322
 2.49391
0.341383
P_ = 0.151557  -1.00484   0.08409 -0.617275
 -1.00484   9.98881 -0.625866   6.05484
  0.08409 -0.625866  0.186589  -1.04887
-0.617275   6.05484  -1.04887    10.309
x_ =127.717
13.1755
2.40769
0.31211
P_ =  0.15984  -1.06323 0.0878091 -0.644378
 -1.06323   10.3381  -0.65095   6.21303
0.0878091  -0.65095  0.191083  -1.07714
-0.644378   6.21303  -1.07714   10.4352
x_ =130.231
13.6828
2.42226
0.42214
P_ = 0.164294  -1.10119 0.0886456 -0.657288
 -1.10119   10.6556 -0.659891   6.34644
0.0886456 -0.659891  0.192017  -1.08771
-0.657288   6.34644  -1.08771   10.5514
x_ = 132.569
  14.262
 2.50063
0.538584
P_ = 0.172754  -1.16007 0.0951365 -0.689874
 -1.16007   11.0094  -0.70551   6.50437
0.0951365  -0.70551  0.200534  -1.13469
-0.689874   6.50437  -1.13469   10.6781
x_ =  135.11
 14.7034
 2.54391
0.482392
P_ = 0.184579  -1.23413  0.102648 -0.728825
 -1.23413   11.3639 -0.751848   6.65544
 0.102648 -0.751848  0.210391  -1.18628
-0.728825   6.65544  -1.18628   10.7964
x_ =137.704
16.1055
2.78079
1.03999
P_ = 0.192927  -1.29287  0.104849 -0.752762
 -1.29287   11.7412 -0.765675   6.81968
 0.104849 -0.765675  0.212966  -1.20527
-0.752762   6.81968  -1.20527   10.9272
x_ =140.379
17.3768
2.71115
1.19483
P_ = 0.223001  -1.44583  0.132693  -0.85048
 -1.44583   12.1331 -0.924121    6.9873
 0.132693 -0.924121  0.251039  -1.37156
 -0.85048    6.9873  -1.37156   11.0389
x_ =142.844
18.2287
2.60399
1.08008
P_ = 0.257704  -1.61107  0.151254 -0.932822
 -1.61107   12.5455  -1.00395   7.15095
 0.151254  -1.00395  0.275785  -1.47436
-0.932822   7.15095  -1.47436   11.1485
x_ =145.681
19.3279
2.84088
1.09795
P_ = 0.279416  -1.71821  0.157337 -0.973865
 -1.71821   12.9161  -1.02517   7.29297
 0.157337  -1.02517  0.284975  -1.51708
-0.973865   7.29297  -1.51708   11.2652
x_ =148.258
20.7754
2.56084
1.28068
P_ =0.302778 -1.83512 0.170408 -1.03149
-1.83512  13.3703 -1.08869  7.48943
0.170408 -1.08869 0.302661 -1.59098
-1.03149  7.48943 -1.59098  11.4078
x_ =150.789
21.8651
2.74428
1.24063
P_ =  0.3395 -1.99168 0.195974 -1.11573
-1.99168  13.7508 -1.20011  7.62765
0.195974 -1.20011 0.336582 -1.71382
-1.11573  7.62765 -1.71382  11.5014
x_ =153.476
22.9765
2.64546
1.16107
P_ =0.371582 -2.13106 0.208353 -1.17805
-2.13106  14.1702 -1.24336  7.79852
0.208353 -1.24336 0.352226 -1.77511
-1.17805  7.79852 -1.77511  11.6242
x_ =156.013
24.7419
2.47024
1.47084
P_ =0.399512 -2.25433 0.221077 -1.23343
-2.25433  14.5884 -1.29447  7.96326
0.221077 -1.29447 0.368975 -1.83823
-1.23343  7.96326 -1.83823  11.7417
x_ =158.839
 26.285
2.88003
1.49562
P_ = 0.45133 -2.44684 0.259322 -1.33822
-2.44684  14.9671 -1.44552  8.09958
0.259322 -1.44552 0.418418 -1.99473
-1.33822  8.09958 -1.99473   11.823
x_ = 161.53
27.8091
2.51318
1.46273
P_ =0.504599 -2.64775 0.282344 -1.43124
-2.64775  15.4702 -1.51914  8.30746
0.282344 -1.51914 0.446031 -2.08615
-1.43124  8.30746 -2.08615   11.951
x_ =164.098
29.3025
2.58877
1.48443
P_ = 0.55396 -2.82511 0.306978 -1.51024
-2.82511  15.8858 -1.60156  8.44854
0.306978 -1.60156 0.477779 -2.18298
-1.51024  8.44854 -2.18298  12.0424
x_ =166.735
30.0872
 2.6016
1.11936
P_ =0.605159 -3.00518 0.332196 -1.59262
-3.00518  16.3164 -1.68375  8.60999
0.332196 -1.68375 0.509157 -2.27749
-1.59262  8.60999 -2.27749  12.1494
x_ =  169.35
 30.9131
  2.6326
0.963656
P_ =0.627584 -3.10538 0.328587 -1.62478
-3.10538  16.7449 -1.66435  8.78654
0.328587 -1.66435  0.50407  -2.2773
-1.62478  8.78654  -2.2773   12.283
x_ =172.074
32.3345
2.69119
1.22124
P_ =0.645751  -3.1977 0.335331 -1.66164
 -3.1977  17.2126 -1.69747  8.96795
0.335331 -1.69747 0.511133  -2.3078
-1.66164  8.96795  -2.3078  12.4064
x_ =174.546
33.7633
2.40171
  1.301
P_ =0.694678 -3.37252 0.370791 -1.74918
-3.37252  17.6917 -1.82817  9.13674
0.370791 -1.82817  0.55152  -2.4222
-1.74918  9.13674  -2.4222  12.5029
x_ = 177.094
 34.2869
 2.40777
0.880331
P_ =0.754084 -3.56458 0.401512 -1.83596
-3.56458  18.0956   -1.922  9.26921
0.401512   -1.922 0.586657 -2.51849
-1.83596  9.26921 -2.51849   12.582
x_ = 179.517
 35.3162
  2.3667
0.955744
P_ =0.771274 -3.64926 0.388821 -1.85567
-3.64926  18.5123 -1.87178  9.44024
0.388821 -1.87178 0.570457 -2.49178
-1.85567  9.44024 -2.49178  12.7144
x_ =  181.96
 36.2612
 2.34698
0.938501
P_ =0.802011 -3.77163 0.410963 -1.90996
-3.77163  18.9651 -1.96029  9.59871
0.410963 -1.96029 0.595562 -2.56415
-1.90996  9.59871 -2.56415  12.8102
x_ = 184.558
 36.5065
  2.2457
0.535176
P_ =0.838956 -3.90774 0.426792 -1.96718
-3.90774  19.4042 -2.01278  9.75544
0.426792 -2.01278 0.611192 -2.61285
-1.96718  9.75544 -2.61285    12.91
x_ = 187.131
 36.8308
 2.45432
0.480061
P_ =0.840522 -3.95473 0.409895 -1.97189
-3.95473  19.8334 -1.95888  9.92902
0.409895 -1.95888 0.589259 -2.57163
-1.97189  9.92902 -2.57163  13.0409
x_ = 189.622
 37.0326
 2.25084
0.316856
P_ =0.842507 -4.01099 0.409917 -1.98914
-4.01099  20.3492 -1.98025  10.1242
0.409917 -1.98025 0.585814 -2.57537
-1.98914  10.1242 -2.57537   13.167
x_ = 191.729
 37.2211
 2.06785
0.221028
P_ =0.841857 -4.05409 0.405134 -1.99806
-4.05409  20.8048 -1.97768  10.2821
0.405134 -1.97768 0.576621  -2.5626
-1.99806  10.2821  -2.5626  13.2772
x_ = 193.637
 37.4422
 1.92438
0.199629
P_ =0.841605  -4.0913  0.40337 -2.00628
 -4.0913  21.1941 -1.98504  10.4104
 0.40337 -1.98504 0.571881 -2.55957
-2.00628  10.4104 -2.55957  13.3727
x_ =   195.5
 37.5411
 1.78392
0.129199
P_ =0.845893 -4.13589 0.405459 -2.02044
-4.13589  21.5411 -2.00402  10.5267
0.405459 -2.00402 0.571638 -2.56722
-2.02044  10.5267 -2.56722  13.4587
x_ =  197.477
  37.4355
  1.93912
0.0307227
P_ =0.846926 -4.17042 0.402651 -2.02844
-4.17042  21.8731 -2.00398  10.6455
0.402651 -2.00398 0.565848 -2.56031
-2.02844  10.6455 -2.56031  13.5452
x_ =   199.315
   37.3741
   1.64689
-0.0543541
P_ =0.838497 -4.18491 0.392553 -2.02541
-4.18491    22.26  -1.9819  10.7966
0.392553  -1.9819 0.551339 -2.53145
-2.02541  10.7966 -2.53145  13.6489
x_ =    200.92
    37.406
   1.54166
-0.0258487
P_ =0.829024 -4.19063 0.387298 -2.01984
-4.19063  22.5915 -1.97928  10.9065
0.387298 -1.97928 0.542934 -2.51587
-2.01984  10.9065 -2.51587  13.7252
x_ =  202.511
  37.2978
   1.3683
-0.098181
P_ =0.827022 -4.21298 0.387921 -2.02505
-4.21298  22.8913  -1.9953  11.0047
0.387921  -1.9953 0.541027 -2.51711
-2.02505  11.0047 -2.51711  13.7943
x_ =  203.875
   36.654
   1.4619
-0.349244
P_ =0.820814 -4.22196 0.381535 -2.02158
-4.22196  23.1735 -1.98185  11.1043
0.381535 -1.98185 0.531487 -2.49753
-2.02158  11.1043 -2.49753   13.867
Accuracy - RMSE:
2.80105
2.67625
3.83749
4.39577
