Data load is complete.
Number of measurements :612, Number of ground truths: 612
Initializing Fusion Extended Kalman Filter
x_ =   8.4558
 0.253991
0.0692491
0.0221468
P_ =0.0224542         0  0.203944         0
        0 0.0254411         0  0.231073
 0.203944         0   92.6001         0
        0  0.231073         0   92.8465
x_ =   8.24379
  0.249311
  -1.85409
-0.0398534
P_ =0.0220811         0   0.19337         0
        0 0.0249685         0  0.217609
  0.19337         0   3.44109         0
        0  0.217609         0    3.8537
x_ = 7.88226
0.176274
 -2.8546
-0.43095
P_ =0.0182061         0  0.103437         0
        0 0.0206021         0  0.116687
 0.103437         0    1.0394         0
        0  0.116687         0   1.16379
x_ =  7.55785
 0.151341
 -3.02121
-0.353621
P_ =0.0154702         0    0.0662         0
        0 0.0175024         0  0.074511
   0.0662         0     0.506         0
        0  0.074511         0  0.559613
x_ =  7.29784
0.0643819
 -2.76675
-0.520003
P_ =0.0139213         0 0.0487721         0
        0 0.0157254         0 0.0544816
0.0487721         0  0.337822         0
        0 0.0544816         0  0.365046
x_ =  7.02769
-0.026697
 -2.65905
-0.625118
P_ =0.0126812         0 0.0401032         0
        0 0.0142787         0 0.0442691
0.0401032         0   0.28283         0
        0 0.0442691         0  0.299203
x_ =  6.79581
-0.180847
 -2.47412
-0.879135
P_ =0.0118975         0 0.0363703         0
        0 0.0133367         0 0.0396616
0.0363703         0  0.266874         0
        0 0.0396616         0  0.278683
x_ = 6.59542
-0.36328
-2.33044
-1.15963
P_ = 0.011139         0 0.0341045         0
        0 0.0124363         0  0.036893
0.0341045         0  0.254428         0
        0  0.036893         0  0.264426
x_ =  6.45718
-0.560153
 -2.03671
 -1.40118
P_ =0.0107932         0 0.0333475         0
        0 0.0120093         0 0.0359127
0.0333475         0  0.249644         0
        0 0.0359127         0  0.259034
x_ =  6.34296
-0.876174
 -1.69493
 -1.88857
P_ =0.0109905         0 0.0341784         0
        0  0.012197         0 0.0367341
0.0341784         0  0.257134         0
        0 0.0367341         0  0.266584
x_ = 6.20518
-1.16413
-1.54342
-2.13132
P_ =0.0111093         0 0.0346444         0
        0 0.0123175         0 0.0372354
0.0346444         0  0.260571         0
        0 0.0372354         0  0.270215
x_ = 6.19831
-1.52383
-1.03558
-2.51084
P_ =0.0111752         0 0.0348624         0
        0 0.0123894         0 0.0374888
0.0348624         0  0.261998         0
        0 0.0374888         0  0.271766
x_ =  6.16794
 -1.85806
-0.806847
 -2.76233
P_ =0.0108619         0 0.0339225         0
        0 0.0120475         0  0.036499
0.0339225         0  0.253214         0
        0  0.036499         0  0.262829
x_ =  6.21051
  -2.1827
-0.421755
 -2.90901
P_ =0.0107003         0 0.0334296         0
        0 0.0118682         0 0.0359681
0.0334296         0  0.248508         0
        0 0.0359681         0   0.25793
x_ =  6.25436
 -2.52615
-0.140087
 -2.97963
P_ =0.0109675         0 0.0342257         0
        0 0.0121583         0 0.0368072
0.0342257         0  0.255928         0
        0 0.0368072         0  0.265379
x_ = 6.33449
 -2.8483
0.157837
-2.96311
P_ =0.0111022         0 0.0346222         0
        0 0.0123075         0 0.0372324
0.0346222         0   0.25956         0
        0 0.0372324         0  0.269101
x_ = 6.39402
-3.14707
0.294344
 -2.9698
P_ =0.0108239         0 0.0337882         0
        0 0.0120041         0 0.0363467
0.0337882         0  0.251931         0
        0 0.0363467         0  0.261361
x_ = 6.48463
-3.46569
0.476151
-2.94685
P_ = 0.011024         0 0.0343895         0
        0 0.0122214         0 0.0369816
0.0343895         0  0.257465         0
        0 0.0369816         0  0.266953
x_ = 6.64743
-3.77286
0.820336
-2.89495
P_ =0.0111345         0 0.0347154         0
        0 0.0123438         0 0.0373332
0.0347154         0  0.260446         0
        0 0.0373332         0  0.270029
x_ = 6.79856
-4.07532
 1.00978
-2.84545
P_ =0.0111926         0 0.0348828         0
        0 0.0124096         0  0.037518
0.0348828         0  0.262002         0
        0  0.037518         0  0.271668
x_ = 6.92641
-4.36702
 1.06214
-2.78131
P_ =0.0112155         0  0.034947         0
        0 0.0124364         0 0.0375915
 0.034947         0  0.262617         0
        0 0.0375915         0  0.272338
x_ = 7.04206
-4.61287
 1.05883
-2.60065
P_ =0.0112236         0 0.0349693         0
        0 0.0124465         0 0.0376185
0.0349693         0  0.262844         0
        0 0.0376185         0  0.272597
x_ =   7.153
-4.88065
 1.04128
-2.54463
P_ = 0.011235         0 0.0350029         0
        0 0.0124597         0 0.0376561
0.0350029         0  0.263172         0
        0 0.0376561         0  0.272949
x_ =7.28584
-5.1573
1.09846
-2.5352
P_ =0.0112355         0 0.0350044         0
        0 0.0124606         0  0.037659
0.0350044         0   0.26319         0
        0  0.037659         0  0.272979
x_ = 7.42706
-5.44458
 1.16163
-2.55977
P_ =0.0112414         0 0.0350223         0
        0 0.0124674         0 0.0376789
0.0350223         0  0.263361         0
        0 0.0376789         0  0.273161
x_ =  7.5991
-5.69715
 1.29984
-2.47283
P_ =0.0112373         0 0.0350103         0
        0 0.0124631         0 0.0376666
0.0350103         0  0.263247         0
        0 0.0376666         0  0.273049
x_ = 7.73809
-5.96151
 1.28776
-2.45038
P_ =0.0112354         0 0.0350047         0
        0 0.0124611         0 0.0376608
0.0350047         0  0.263193         0
        0 0.0376608         0  0.272996
x_ = 7.91055
-6.22404
  1.4238
 -2.5028
P_ =0.0108895         0 0.0339813         0
        0 0.0120812         0 0.0365672
0.0339813         0  0.253865         0
        0 0.0365672         0  0.263475
x_ = 8.11232
-6.47728
 1.56443
-2.43564
P_ =0.0110653         0 0.0345157         0
        0 0.0122702         0 0.0371264
0.0345157         0  0.258676         0
        0 0.0371264         0  0.268285
x_ = 8.26937
-6.74648
 1.51766
 -2.4397
P_ =0.0111529         0 0.0347723         0
        0 0.0123663         0  0.037401
0.0347723         0  0.260972         0
        0  0.037401         0   0.27063
x_ = 8.44052
-6.98707
 1.53129
-2.35649
P_ =0.0111935         0 0.0348861         0
        0 0.0124121         0 0.0375259
0.0348861         0  0.262021         0
        0 0.0375259         0  0.271726
x_ =  8.5722
-7.23293
 1.46438
-2.38743
P_ =0.0108661         0 0.0339119         0
        0 0.0120536         0 0.0364878
0.0339119         0   0.25316         0
        0 0.0364878         0  0.262703
x_ = 8.72678
-7.50458
 1.48935
-2.48644
P_ =0.0107041         0 0.0334297         0
        0 0.0118725         0 0.0359638
0.0334297         0  0.248592         0
        0 0.0359638         0  0.257965
x_ = 8.86849
-7.76694
 1.42082
-2.45345
P_ =0.0109634         0 0.0342107         0
        0 0.0121536         0  0.036787
0.0342107         0  0.255839         0
        0  0.036787         0  0.265264
x_ =  8.9863
-8.02447
 1.34463
-2.48971
P_ =0.0107542         0 0.0335824         0
        0 0.0119251         0 0.0361197
0.0335824         0  0.249986         0
        0 0.0361197         0   0.25932
x_ = 9.09743
-8.27193
 1.22997
-2.40997
P_ =0.0109926         0 0.0342973         0
        0 0.0121848         0 0.0368774
0.0342973         0  0.256615         0
        0 0.0368774         0  0.266037
x_ =  9.1883
-8.52956
 1.12979
-2.46063
P_ =0.0107644         0 0.0336125         0
        0 0.0119363         0 0.0361516
0.0336125         0  0.250273         0
        0 0.0361516         0  0.259612
x_ = 9.27972
-8.78506
 1.02746
-2.41508
P_ = 0.010997         0 0.0343105         0
        0 0.0121898         0 0.0368916
0.0343105         0  0.256737         0
        0 0.0368916         0  0.266163
x_ = 9.41338
-9.08593
 1.12392
-2.59473
P_ =0.0107687         0 0.0336251         0
        0  0.011941         0 0.0361653
0.0336251         0   0.25039         0
        0 0.0361653         0  0.259733
x_ = 9.53327
-9.34849
 1.14721
-2.60376
P_ =0.0106518         0   0.03327         0
        0 0.0118111         0 0.0357818
  0.03327         0  0.247043         0
        0 0.0357818         0  0.256278
x_ = 9.60083
-9.62761
0.999934
-2.66058
P_ =0.0105883         0  0.033073         0
        0 0.0117394         0 0.0355655
 0.033073         0  0.245203         0
        0 0.0355655         0  0.254343
x_ = 9.67518
-9.91237
0.919517
-2.71644
P_ = 0.010558         0 0.0329766         0
        0 0.0117042         0 0.0354572
0.0329766         0  0.244322         0
        0 0.0354572         0  0.253393
x_ = 9.75775
-10.1772
0.861793
-2.61431
P_ =0.0108852         0 0.0339691         0
        0 0.0120617         0 0.0365112
0.0339691         0  0.253694         0
        0 0.0365112         0  0.262914
x_ =  9.8017
-10.4547
0.729982
-2.66315
P_ =0.0107098         0 0.0334477         0
        0 0.0118723         0 0.0359634
0.0334477         0  0.248769         0
        0 0.0359634         0  0.257969
x_ = 9.86667
-10.7502
0.681883
-2.66988
P_ =0.0109741         0 0.0342438         0
        0 0.0121618         0 0.0368119
0.0342438         0  0.256153         0
        0 0.0368119         0  0.265496
x_ = 9.88955
-11.0423
0.519624
-2.66627
P_ =0.0111025         0  0.034624         0
        0 0.0123056         0  0.037227
 0.034624         0  0.259595         0
        0  0.037227         0  0.269088
x_ = 9.89542
-11.3281
0.375722
 -2.7242
P_ =0.0108218         0 0.0337831         0
        0 0.0120006         0 0.0363378
0.0337831         0   0.25189         0
        0 0.0363378         0  0.261297
x_ =  9.8851
-11.6146
0.226057
 -2.7665
P_ =0.0106797         0 0.0333554         0
        0  0.011843         0 0.0358767
0.0333554         0  0.247859         0
        0 0.0358767         0  0.257143
x_ =   9.83305
  -11.8695
-0.0071144
  -2.70089
P_ =0.0106024         0 0.0331176         0
        0 0.0117558         0  0.035616
0.0331176         0  0.245622         0
        0  0.035616         0  0.254797
x_ =  9.74841
 -12.1442
-0.269243
 -2.71508
P_ =0.0105608         0 0.0329867         0
        0  0.011708         0 0.0354701
0.0329867         0  0.244413         0
        0 0.0354701         0  0.253505
x_ =  9.64049
 -12.3846
-0.522215
 -2.62081
P_ =  0.01054         0 0.0329204         0
        0 0.0116836         0 0.0353944
0.0329204         0  0.243818         0
        0 0.0353944         0  0.252853
x_ =   9.4818
 -12.6026
-0.854605
 -2.48651
P_ =0.0105317         0 0.0328937         0
        0 0.0116734         0 0.0353625
0.0328937         0  0.243589         0
        0 0.0353625         0  0.252588
x_ =  9.3074
-12.8218
 -1.1057
-2.32262
P_ =0.0108713         0 0.0339273         0
        0 0.0120449         0  0.036462
0.0339273         0  0.253343         0
        0  0.036462         0  0.262517
x_ = 9.02764
-13.0067
-1.63348
-2.17796
P_ =  0.01071         0 0.0334491         0
        0 0.0118715         0 0.0359621
0.0334491         0  0.248782         0
        0 0.0359621         0  0.257959
x_ = 8.75827
-13.1493
 -1.9143
-1.88549
P_ =0.0109637         0 0.0342125         0
        0 0.0121499         0 0.0367772
0.0342125         0  0.255848         0
        0 0.0367772         0  0.265173
x_ = 8.46674
-13.2528
-2.22629
-1.62729
P_ =0.0107548         0 0.0335843         0
        0 0.0119236         0 0.0361156
0.0335843         0  0.249997         0
        0 0.0361156         0  0.259279
x_ = 8.13097
-13.2977
-2.50989
-1.22171
P_ =0.0109935         0 0.0343001         0
        0 0.0121847         0 0.0368772
0.0343001         0  0.256639         0
        0 0.0368772         0  0.266034
x_ = 7.81081
-13.3029
-2.64813
-0.83111
P_ =0.0111134         0 0.0346539         0
        0 0.0123187         0 0.0372622
0.0346539         0  0.259868         0
        0 0.0372622         0  0.269392
x_ =  7.49867
 -13.3228
 -2.79528
-0.639546
P_ =0.0108291         0 0.0338034         0
        0 0.0120092         0 0.0363614
0.0338034         0  0.252087         0
        0 0.0363614         0  0.261514
x_ =  7.17602
 -13.3188
 -2.84301
-0.414781
P_ =0.0110306         0 0.0344097         0
        0 0.0122285         0 0.0370029
0.0344097         0   0.25766         0
        0 0.0370029         0  0.267152
x_ =  6.87109
 -13.2613
 -2.90678
-0.114966
P_ =0.0107876         0 0.0336817         0
        0 0.0119631         0 0.0362295
0.0336817         0   0.25093         0
        0 0.0362295         0  0.260318
x_ = 6.55443
-13.1753
-2.89735
0.183516
P_ =  0.01101         0 0.0343493         0
        0  0.012205         0  0.036936
0.0343493         0  0.257096         0
        0  0.036936         0  0.266556
x_ = 6.24856
-13.1059
-2.85715
0.332371
P_ =0.0111261         0 0.0346917         0
        0  0.012334         0 0.0373063
0.0346917         0  0.260221         0
        0 0.0373063         0  0.269786
x_ = 5.93824
-13.0111
-2.84563
0.508747
P_ =0.0111804         0  0.034847         0
        0 0.0123958         0 0.0374787
 0.034847         0  0.261658         0
        0 0.0374787         0  0.271307
x_ = 5.65231
-12.8545
-2.84924
 0.82864
P_ =0.0108624         0 0.0339003         0
        0 0.0120484         0 0.0364722
0.0339003         0   0.25304         0
        0 0.0364722         0  0.262552
x_ = 5.38774
-12.7098
-2.69677
0.990467
P_ =0.0110498         0 0.0344672         0
        0 0.0122513         0 0.0370691
0.0344672         0  0.258211         0
        0 0.0370691         0  0.267758
x_ = 5.11066
-12.5367
-2.63543
  1.1846
P_ =0.0111471         0 0.0347537         0
        0 0.0123588         0 0.0373776
0.0347537         0  0.260804         0
        0 0.0373776         0  0.270426
x_ = 4.87516
-12.3303
-2.46676
 1.41494
P_ =0.0111906         0  0.034877         0
        0 0.0124081         0  0.037514
 0.034877         0  0.261941         0
        0  0.037514         0  0.271626
x_ = 4.69154
 -12.131
-2.26968
 1.58971
P_ =0.0108661         0 0.0339117         0
        0 0.0120532         0 0.0364864
0.0339117         0  0.253157         0
        0 0.0364864         0  0.262689
x_ = 4.54096
-11.8542
-1.95988
 1.89771
P_ = 0.011055         0 0.0344833         0
        0 0.0122574         0 0.0370875
0.0344833         0  0.258366         0
        0 0.0370875         0  0.267927
x_ = 4.43661
-11.6093
-1.61363
 2.00764
P_ =0.0111451         0 0.0347482         0
        0  0.012357         0 0.0373725
0.0347482         0  0.260749         0
        0 0.0373725         0  0.270377
x_ = 4.35497
-11.2865
-1.36517
 2.37745
P_ =0.0108398         0 0.0338361         0
        0 0.0120231         0 0.0364024
0.0338361         0  0.252418         0
        0 0.0364024         0  0.261907
x_ = 4.32572
-10.9792
-0.98744
 2.51502
P_ =0.0110423         0 0.0344462         0
        0 0.0122426         0 0.0370454
0.0344462         0  0.258007         0
        0 0.0370454         0  0.267539
x_ = 4.33632
-10.6749
 -0.6155
 2.59811
P_ =0.0111444         0 0.0347462         0
        0 0.0123555         0 0.0373687
0.0347462         0  0.260729         0
        0 0.0373687         0  0.270341
x_ =  4.35416
 -10.3644
-0.349028
  2.67331
P_ =0.0111905         0 0.0348768         0
        0 0.0124078         0 0.0375134
0.0348768         0  0.261937         0
        0 0.0375134         0  0.271617
x_ =  4.43215
 -10.0574
0.0136408
  2.71228
P_ =0.0112161         0 0.0349485         0
        0 0.0124373         0 0.0375939
0.0349485         0  0.262629         0
        0 0.0375939         0  0.272356
x_ = 4.53538
-9.75453
0.330575
 2.72672
P_ =0.0112251         0 0.0349737         0
        0 0.0124483         0 0.0376235
0.0349737         0  0.262885         0
        0 0.0376235         0  0.272642
x_ = 4.65871
-9.45759
0.601455
 2.71716
P_ =0.0112345         0 0.0350013         0
        0 0.0124592         0 0.0376547
0.0350013         0  0.263158         0
        0 0.0376547         0  0.272937
x_ = 4.83649
-9.14904
0.949398
  2.7471
P_ =0.0112339         0 0.0349998         0
        0  0.012459         0 0.0376542
0.0349998         0  0.263148         0
        0 0.0376542         0  0.272937
x_ = 4.98455
-8.91005
 1.11514
 2.63886
P_ =0.0108867         0 0.0339728         0
        0 0.0120778         0 0.0365573
0.0339728         0   0.25379         0
        0 0.0365573         0  0.263391
x_ = 5.1867
-8.6274
1.36304
2.61574
P_ =0.0110625         0 0.0345072         0
        0 0.0122669         0 0.0371168
0.0345072         0  0.258599         0
        0 0.0371168         0  0.268201
x_ = 5.38334
-8.39471
 1.55132
 2.52806
P_ =0.0108023         0 0.0337289         0
        0 0.0119814         0 0.0362861
0.0337289         0  0.251387         0
        0 0.0362861         0  0.260845
x_ = 5.54647
-8.17743
 1.52783
 2.34399
P_ = 0.011019         0 0.0343783         0
        0 0.0122163         0  0.036971
0.0343783         0  0.257357         0
        0  0.036971         0   0.26686
x_ = 5.78206
-7.93716
 1.73815
 2.29051
P_ =0.0111319         0 0.0347095         0
        0 0.0123411         0 0.0373279
0.0347095         0  0.260378         0
        0 0.0373279         0  0.269968
x_ =6.01632
-7.7097
1.87234
2.21638
P_ = 0.011187         0 0.0348666         0
        0 0.0124035         0 0.0375012
0.0348666         0  0.261839         0
        0 0.0375012         0  0.271505
x_ = 6.23939
-7.50366
 1.92559
 2.10216
P_ =0.0112141         0 0.0349428         0
        0  0.012435         0 0.0375871
0.0349428         0  0.262575         0
        0 0.0375871         0  0.272293
x_ = 6.45148
-7.31734
  1.9272
 1.96719
P_ =0.0112226         0 0.0349661         0
        0 0.0124454         0  0.037615
0.0349661         0  0.262813         0
        0  0.037615         0  0.272564
x_ = 6.69812
-7.13258
 2.09519
 1.93073
P_ =0.0108821         0 0.0339582         0
        0 0.0120721         0 0.0365397
0.0339582         0  0.253639         0
        0 0.0365397         0  0.263216
x_ = 6.89676
-6.93311
 1.99501
 1.89087
P_ =0.0110643         0 0.0345119         0
        0 0.0122685         0 0.0371205
0.0345119         0  0.258646         0
        0 0.0371205         0  0.268237
x_ = 7.13635
-6.73789
 2.05813
 1.85253
P_ =0.0111514         0 0.0347676         0
        0 0.0123643         0 0.0373949
0.0347676         0  0.260931         0
        0 0.0373949         0   0.27058
x_ = 7.35879
-6.54711
 2.04659
 1.81392
P_ =0.0111922         0 0.0348823         0
        0 0.0124104         0 0.0375212
0.0348823         0  0.261986         0
        0 0.0375212         0  0.271686
x_ = 7.60847
-6.41224
 2.18701
 1.67301
P_ =0.0108661         0 0.0339118         0
        0 0.0120535         0 0.0364874
0.0339118         0  0.253158         0
        0 0.0364874         0  0.262698
x_ = 7.85053
-6.29075
 2.19122
 1.48345
P_ =0.0110537         0 0.0344794         0
        0 0.0122561         0 0.0370838
0.0344794         0  0.258327         0
        0 0.0370838         0  0.267892
x_ =8.11422
-6.1365
2.26241
1.45682
P_ =0.0111448         0 0.0347472         0
        0 0.0123567         0 0.0373716
0.0347472         0  0.260739         0
        0 0.0373716         0  0.270369
x_ = 8.33845
-5.97002
 2.25605
 1.51973
P_ =0.0108428         0 0.0338451         0
        0 0.0120265         0  0.036412
0.0338451         0  0.252496         0
        0  0.036412         0  0.261988
x_ = 8.62207
-5.83178
 2.36683
 1.43231
P_ =0.0110385         0 0.0344342         0
        0 0.0122384         0 0.0370327
0.0344342         0  0.257889         0
        0 0.0370327         0  0.267419
x_ =  8.8686
-5.65895
 2.32353
 1.47839
P_ =0.0111409         0 0.0347352         0
        0 0.0123516         0 0.0373569
0.0347352         0  0.260625         0
        0 0.0373569         0  0.270235
x_ = 9.07702
-5.48396
 2.24759
 1.55982
P_ =0.0108465         0 0.0338554         0
        0 0.0120301         0 0.0364219
0.0338554         0  0.252581         0
        0 0.0364219         0  0.262064
x_ = 9.33308
-5.31903
  2.2751
  1.5397
P_ =0.0110413         0 0.0344418         0
        0 0.0122413         0 0.0370404
0.0344418         0  0.257959         0
        0 0.0370404         0  0.267486
x_ = 9.56833
-5.14108
  2.2283
 1.56566
P_ =0.0111414         0 0.0347362         0
        0 0.0123521         0 0.0373578
0.0347362         0  0.260637         0
        0 0.0373578         0  0.270245
x_ = 9.78603
-4.95071
 2.14377
 1.62113
P_ =0.0111867         0  0.034865         0
        0 0.0124036         0 0.0375005
 0.034865         0  0.261829         0
        0 0.0375005         0  0.271504
x_ = 9.98938
-4.75821
 2.04162
 1.66326
P_ =0.0112187         0 0.0349562         0
        0 0.0124401         0 0.0376019
0.0349562         0  0.262706         0
        0 0.0376019         0  0.272432
x_ = 10.1783
-4.51481
 1.93145
 1.84663
P_ =0.0112246         0  0.034972         0
        0 0.0124477         0 0.0376217
 0.034972         0  0.262871         0
        0 0.0376217         0  0.272627
x_ = 10.3776
-4.23922
 1.89032
 2.06544
P_ =0.0112332         0 0.0349974         0
        0 0.0124578         0 0.0376505
0.0349974         0  0.263121         0
        0 0.0376505         0  0.272898
x_ = 10.5636
-3.97944
 1.82169
 2.16379
P_ = 0.011237         0 0.0350091         0
        0 0.0124624         0 0.0376641
0.0350091         0  0.263235         0
        0 0.0376641         0  0.273025
x_ = 10.7627
-3.74568
 1.81816
 2.15126
P_ =0.0112366         0  0.035008         0
        0 0.0124621         0 0.0376636
 0.035008         0  0.263225         0
        0 0.0376636         0  0.273022
x_ = 10.9077
-3.48597
  1.6472
 2.22153
P_ =0.0112354         0 0.0350044         0
        0 0.0124609         0 0.0376601
0.0350044         0   0.26319         0
        0 0.0376601         0   0.27299
x_ =  11.059
-3.21276
 1.60526
 2.37589
P_ =0.0108878         0 0.0339764         0
        0 0.0120793         0 0.0365619
0.0339764         0  0.253823         0
        0 0.0365619         0   0.26343
x_ =   11.19
-2.90993
 1.46227
  2.5002
P_ =0.0110686         0 0.0345259         0
        0 0.0122738         0 0.0371371
0.0345259         0  0.258776         0
        0 0.0371371         0  0.268386
x_ =11.3021
-2.5952
1.31012
2.62014
P_ =0.0111561         0 0.0347824         0
        0 0.0123699         0 0.0374118
0.0347824         0  0.261066         0
        0 0.0374118         0  0.270727
x_ = 11.3035
-2.28218
0.865255
 2.69532
P_ =0.0111981         0    0.0349         0
        0 0.0124172         0 0.0375409
   0.0349         0  0.262152         0
        0 0.0375409         0  0.271861
x_ = 11.3756
 -1.9722
0.793653
 2.73657
P_ =0.0112173         0 0.0349522         0
        0 0.0124393         0 0.0375996
0.0349522         0  0.262662         0
        0 0.0375996         0  0.272405
x_ = 11.3979
-1.67097
0.591261
  2.7382
P_ =0.0112243         0 0.0349709         0
        0 0.0124477         0 0.0376215
0.0349709         0  0.262858         0
        0 0.0376215         0  0.272623
x_ = 11.3615
-1.37858
0.293075
 2.79373
P_ =0.0108843         0 0.0339646         0
        0 0.0120748         0 0.0365473
0.0339646         0  0.253698         0
        0 0.0365473         0  0.263283
x_ =   11.2751
  -1.11311
-0.0768146
   2.66785
P_ =0.0110577         0 0.0344918         0
        0 0.0122614         0 0.0370994
0.0344918         0  0.258451         0
        0 0.0370994         0  0.268043
x_ =  11.1191
-0.790951
-0.540035
  2.83482
P_ =0.0108022         0 0.0337276         0
        0 0.0119811         0 0.0362841
0.0337276         0  0.251372         0
        0 0.0362841         0  0.260824
x_ =  10.9642
-0.514437
 -0.83775
  2.72737
P_ = 0.011021         0 0.0343838         0
        0 0.0122183         0 0.0369765
0.0343838         0  0.257413         0
        0 0.0369765         0  0.266913
x_ =  10.7642
-0.278755
 -1.17376
   2.5324
P_ =0.0111328         0 0.0347122         0
        0 0.0123422         0 0.0373306
0.0347122         0  0.260406         0
        0 0.0373306         0  0.269996
x_ =   10.4903
-0.0735685
  -1.62522
   2.31076
P_ =0.0111861         0 0.0348641         0
        0 0.0124026         0 0.0374985
0.0348641         0  0.261816         0
        0 0.0374985         0  0.271481
x_ =   10.233
0.0689479
 -1.87047
  1.97383
P_ =0.0112102         0 0.0349312         0
        0 0.0124307         0 0.0375746
0.0349312         0  0.262464         0
        0 0.0375746         0  0.272181
x_ = 9.94233
0.163511
-2.13569
 1.60418
P_ =0.0112205         0 0.0349598         0
        0  0.012443         0 0.0376081
0.0349598         0  0.262754         0
        0 0.0376081         0  0.272502
x_ = 9.62704
0.192284
 -2.3853
 1.15727
P_ =0.0112342         0 0.0350003         0
        0 0.0124587         0 0.0376531
0.0350003         0  0.263148         0
        0 0.0376531         0  0.272922
x_ = 9.30465
0.238447
-2.57237
0.912111
P_ =0.0112363         0 0.0350069         0
        0 0.0124615         0 0.0376615
0.0350069         0  0.263215         0
        0 0.0376615         0  0.273003
x_ =  8.9846
0.300417
-2.68767
0.796091
P_ =0.0112391         0 0.0350154         0
        0 0.0124648         0 0.0376714
0.0350154         0  0.263295         0
        0 0.0376714         0  0.273093
x_ = 8.72455
0.327253
-2.57694
0.612578
P_ =0.0112388         0 0.0350148         0
        0 0.0124647         0 0.0376713
0.0350148         0  0.263289         0
        0 0.0376713         0  0.273091
x_ = 8.39726
0.325213
-2.71257
0.402556
P_ =0.0112433         0 0.0350282         0
        0 0.0124697         0 0.0376859
0.0350282         0  0.263415         0
        0 0.0376859         0  0.273223
x_ = 8.07657
 0.31003
-2.78243
  0.2229
P_ =0.0112399         0 0.0350181         0
        0 0.0124661         0 0.0376754
0.0350181         0   0.26332         0
        0 0.0376754         0  0.273128
x_ =   7.75695
  0.241409
  -2.82459
-0.0585985
P_ =0.0112402         0 0.0350188         0
        0 0.0124664         0 0.0376762
0.0350188         0  0.263326         0
        0 0.0376762         0  0.273135
x_ =  7.45018
 0.142252
  -2.8139
-0.338828
P_ =0.0112338         0 0.0349996         0
        0 0.0124593         0 0.0376557
0.0349996         0  0.263145         0
        0 0.0376557         0  0.272949
x_ =  7.16742
0.0706466
 -2.81754
-0.452935
P_ =0.0108886         0 0.0339786         0
        0 0.0120803         0 0.0365645
0.0339786         0  0.253839         0
        0 0.0365645         0  0.263449
x_ =   6.90507
-0.0602815
   -2.6691
 -0.698332
P_ =0.0110633         0 0.0345096         0
        0  0.012268         0 0.0371198
0.0345096         0  0.258618         0
        0 0.0371198         0  0.268226
x_ =  6.68693
-0.238158
 -2.43295
 -1.00375
P_ =0.0111564         0 0.0347828         0
        0 0.0123702         0 0.0374121
0.0347828         0  0.261072         0
        0 0.0374121         0  0.270732
x_ =  6.48226
-0.454343
 -2.23711
 -1.32368
P_ =0.0111973         0 0.0348974         0
        0 0.0124162         0 0.0375381
0.0348974         0  0.262128         0
        0 0.0375381         0  0.271837
x_ =  6.34256
-0.766168
 -1.90622
 -1.82644
P_ = 0.011216         0 0.0349482         0
        0 0.0124378         0 0.0375953
0.0349482         0  0.262624         0
        0 0.0375953         0  0.272366
x_ = 6.24483
-1.09669
-1.61647
-2.27416
P_ =0.0108766         0 0.0339418         0
        0 0.0120658         0 0.0365218
0.0339418         0  0.253474         0
        0 0.0365218         0  0.263043
x_ = 6.16427
-1.37305
-1.36339
-2.42267
P_ =0.0107048         0 0.0334329         0
        0 0.0118739         0 0.0359686
0.0334329         0  0.248645         0
        0 0.0359686         0  0.258033
x_ = 6.12577
-1.67941
-1.05676
 -2.6151
P_ =0.0106254         0 0.0331905         0
        0  0.011783         0 0.0356997
0.0331905         0  0.246306         0
        0 0.0356997         0  0.255552
x_ =  6.17423
  -2.0081
-0.543021
 -2.73992
P_ =0.0109224         0 0.0340853         0
        0 0.0121059         0 0.0366458
0.0340853         0  0.254702         0
        0 0.0366458         0  0.264036
x_ =  6.23991
 -2.32364
-0.151903
 -2.78291
P_ =0.0110799         0 0.0345564         0
        0 0.0122806         0 0.0371543
0.0345564         0  0.258995         0
        0 0.0371543         0  0.268469
x_ =  6.28256
 -2.68027
0.0331222
 -2.93577
P_ =0.0111601         0 0.0347901         0
        0 0.0123716         0 0.0374124
0.0347901         0   0.26113         0
        0 0.0374124         0  0.270721
x_ =  6.3621
-3.03216
0.269648
-3.02306
P_ =0.0112015         0 0.0349076         0
        0 0.0124196         0 0.0375452
0.0349076         0  0.262235         0
        0 0.0375452         0  0.271909
x_ =  6.4636
-3.35372
 0.49345
-2.98962
P_ =0.0112219         0 0.0349649         0
        0 0.0124436         0 0.0376112
0.0349649         0  0.262793         0
        0 0.0376112         0  0.272521
x_ = 6.58214
-3.66158
 0.69357
-2.92574
P_ =0.0112325         0 0.0349953         0
        0 0.0124564         0 0.0376467
0.0349953         0  0.263096         0
        0 0.0376467         0  0.272857
x_ = 6.70356
-3.97369
0.834286
-2.89685
P_ =0.0112341         0     0.035         0
        0 0.0124588         0 0.0376536
    0.035         0  0.263148         0
        0 0.0376536         0  0.272928
x_ = 6.82664
-4.27401
0.931674
-2.84088
P_ =0.0112391         0 0.0350154         0
        0 0.0124647         0  0.037671
0.0350154         0  0.263295         0
        0  0.037671         0  0.273089
x_ =  6.9879
-4.57216
  1.1148
-2.79754
P_ =0.0112394         0 0.0350163         0
        0 0.0124652         0 0.0376727
0.0350163         0  0.263304         0
        0 0.0376727         0  0.273104
x_ =  7.1223
-4.86744
 1.15221
 -2.7617
P_ =0.0112322         0  0.034995         0
        0 0.0124575         0 0.0376503
 0.034995         0  0.263101         0
        0 0.0376503         0  0.272901
x_ = 7.24507
-5.09736
 1.17589
  -2.622
P_ =0.0108842         0 0.0339656         0
        0 0.0120753         0 0.0365503
0.0339656         0  0.253723         0
        0 0.0365503         0  0.263329
x_ = 7.39768
-5.35446
 1.28481
-2.60558
P_ =0.0107144         0 0.0334631         0
        0  0.011885         0 0.0360028
0.0334631         0  0.248927         0
        0 0.0360028         0  0.258341
x_ = 7.54767
-5.60593
 1.31142
-2.49841
P_ =0.0109764         0 0.0342518         0
        0 0.0121685         0 0.0368332
0.0342518         0  0.256224         0
        0 0.0368332         0  0.265679
x_ = 7.72782
-5.86231
 1.42327
-2.44244
P_ =0.0111093         0  0.034645         0
        0 0.0123154         0 0.0372561
 0.034645         0   0.25979         0
        0 0.0372561         0  0.269343
x_ = 7.87188
-6.08921
 1.38431
-2.31615
P_ =0.0111756         0  0.034835         0
        0 0.0123903         0 0.0374652
 0.034835         0  0.261538         0
        0 0.0374652         0  0.271179
x_ = 8.04004
-6.35188
 1.43422
-2.34064
P_ = 0.011205         0 0.0349166         0
        0 0.0124244         0 0.0375577
0.0349166         0  0.262319         0
        0 0.0375577         0   0.27202
x_ = 8.22604
-6.62842
 1.52232
 -2.3985
P_ =0.0112214         0 0.0349627         0
        0 0.0124437         0 0.0376104
0.0349627         0  0.262776         0
        0 0.0376104         0  0.272517
x_ = 8.35546
 -6.8667
 1.40376
-2.32116
P_ = 0.011231         0 0.0349908         0
        0 0.0124551         0 0.0376425
0.0349908         0  0.263056         0
        0 0.0376425         0  0.272823
x_ =  8.4759
-7.13751
 1.29791
-2.36797
P_ =0.0112353         0 0.0350036         0
        0 0.0124602         0 0.0376577
0.0350036         0  0.263183         0
        0 0.0376577         0  0.272967
x_ = 8.63883
-7.43319
 1.36058
-2.47406
P_ =0.0112389         0 0.0350147         0
        0 0.0124645         0 0.0376705
0.0350147         0  0.263289         0
        0 0.0376705         0  0.273085
x_ = 8.77814
-7.67393
 1.32807
-2.37869
P_ =0.0112414         0 0.0350224         0
        0 0.0124675         0 0.0376793
0.0350224         0  0.263361         0
        0 0.0376793         0  0.273164
x_ =  8.9403
-7.94314
 1.37897
-2.40297
P_ =0.0112336         0 0.0349993         0
        0 0.0124591         0  0.037655
0.0349993         0  0.263142         0
        0  0.037655         0  0.272943
x_ = 9.06693
-8.21136
 1.34336
-2.48677
P_ =0.0108895         0 0.0339814         0
        0 0.0120812         0 0.0365673
0.0339814         0  0.253863         0
        0 0.0365673         0  0.263473
x_ = 9.17815
-8.46814
 1.22894
 -2.4353
P_ =0.0110671         0 0.0345209         0
        0 0.0122722         0 0.0371319
0.0345209         0  0.258726         0
        0 0.0371319         0  0.268336
x_ = 9.28202
-8.74784
  1.1318
-2.47194
P_ =0.0111503         0 0.0347645         0
        0 0.0123635         0 0.0373927
0.0347645         0  0.260897         0
        0 0.0373927         0  0.270555
x_ = 9.37554
 -9.0324
 1.03543
-2.51056
P_ =0.0111941         0 0.0348878         0
        0 0.0124127         0 0.0375276
0.0348878         0  0.262037         0
        0 0.0375276         0  0.271742
x_ = 9.46276
-9.32542
0.984202
 -2.6369
P_ =0.0108699         0 0.0339229         0
        0 0.0120577         0 0.0364995
0.0339229         0  0.253257         0
        0 0.0364995         0  0.262802
x_ = 9.56114
-9.63095
0.953603
 -2.6843
P_ =0.0110507         0 0.0344699         0
        0 0.0122529         0  0.037074
0.0344699         0  0.258233         0
        0  0.037074         0  0.267798
x_ = 9.64093
-9.91908
0.905105
-2.74435
P_ =0.0107937         0  0.033701         0
        0 0.0119712         0 0.0362544
 0.033701         0  0.251128         0
        0 0.0362544         0  0.260559
x_ = 9.73826
-10.1736
0.926063
-2.68299
P_ =0.0106678         0 0.0333202         0
        0 0.0118304         0 0.0358405
0.0333202         0  0.247518         0
        0 0.0358405         0   0.25681
x_ = 9.80383
-10.4598
0.812952
-2.65634
P_ = 0.010946         0 0.0341569         0
        0 0.0121328         0 0.0367249
0.0341569         0  0.255343         0
        0 0.0367249         0  0.264715
x_ = 9.87226
-10.7528
0.747446
-2.65879
P_ =0.0110931         0  0.034595         0
        0 0.0122959         0 0.0371978
 0.034595         0  0.259343         0
        0 0.0371978         0  0.268843
x_ = 9.90368
-11.0338
0.612427
-2.70545
P_ =0.0108129         0 0.0337565         0
        0  0.011991         0   0.03631
0.0337565         0  0.251653         0
        0   0.03631         0  0.261059
x_ = 9.90759
-11.3286
0.433381
-2.77875
P_ =0.0106732         0 0.0333361         0
        0 0.0118359         0  0.035856
0.0333361         0  0.247682         0
        0  0.035856         0  0.256963
x_ = 9.89841
-11.6252
0.269143
-2.83446
P_ =0.0106048         0 0.0331248         0
        0 0.0117583         0 0.0356235
0.0331248         0  0.245683         0
        0 0.0356235         0  0.254858
x_ =    9.84056
   -11.8963
-0.00379038
   -2.71093
P_ =0.0109154         0 0.0340626         0
        0 0.0120969         0 0.0366172
0.0340626         0  0.254515         0
        0 0.0366172         0  0.263807
x_ =    9.744
 -12.1708
-0.303652
 -2.63978
P_ =0.0110749         0 0.0345415         0
        0 0.0122743         0 0.0371358
0.0345415         0  0.258869         0
        0 0.0371358         0  0.268319
x_ =  9.63177
 -12.4598
-0.549367
  -2.6354
P_ =0.0111591         0 0.0347875         0
        0   0.01237         0 0.0374083
0.0347875         0   0.26111         0
        0 0.0374083         0   0.27069
x_ =  9.46571
  -12.701
-0.878757
 -2.48892
P_ =0.0111961         0 0.0348919         0
        0 0.0124133         0 0.0375277
0.0348919         0  0.262085         0
        0 0.0375277         0   0.27175
x_ = 9.20888
-12.8949
-1.40608
-2.32275
P_ = 0.010867         0 0.0339138         0
        0 0.0120537         0 0.0364875
0.0339138         0  0.253188         0
        0 0.0364875         0   0.26271
x_ = 8.95008
-13.0631
-1.73016
-2.05737
P_ =0.0110577         0 0.0344915         0
        0 0.0122601         0 0.0370956
0.0344915         0  0.258448         0
        0 0.0370956         0  0.268006
x_ = 8.65759
 -13.219
-2.04959
-1.84548
P_ = 0.011144         0  0.034745         0
        0 0.0123556         0 0.0373688
 0.034745         0  0.260718         0
        0 0.0373688         0  0.270344
x_ =  8.3595
-13.2835
-2.33963
 -1.4813
P_ =0.0108458         0 0.0338538         0
        0 0.0120296         0 0.0364211
0.0338538         0   0.25257         0
        0 0.0364211         0  0.262062
x_ =  8.0316
-13.3525
-2.55961
 -1.1971
P_ =0.0110413         0 0.0344422         0
        0 0.0122415         0 0.0370413
0.0344422         0  0.257963         0
        0 0.0370413         0  0.267494
x_ =   7.6882
 -13.3702
 -2.75312
-0.852768
P_ =0.0111381         0 0.0347268         0
        0 0.0123487         0  0.037348
0.0347268         0  0.260545         0
        0  0.037348         0  0.270153
x_ = 7.37869
-13.3574
-2.85986
-0.55569
P_ =0.0108391         0 0.0338333         0
        0 0.0120219         0 0.0363982
0.0338333         0  0.252383         0
        0 0.0363982         0  0.261862
x_ =  7.05685
 -13.2948
 -2.88238
-0.181122
P_ =0.0110379         0 0.0344323         0
        0 0.0122375         0 0.0370299
0.0344323         0  0.257874         0
        0 0.0370299         0  0.267397
x_ =  6.69598
   -13.24
 -3.01917
0.0448415
P_ =0.0111388         0 0.0347291         0
        0 0.0123492         0   0.03735
0.0347291         0   0.26057         0
        0   0.03735         0  0.270174
x_ = 6.37439
-13.1431
-3.08074
0.324424
P_ =0.0108387         0 0.0338324         0
        0 0.0120214         0 0.0363971
0.0338324         0  0.252377         0
        0 0.0363971         0  0.261853
x_ = 6.08894
-13.0785
-2.91355
0.412045
P_ =0.0110392         0 0.0344363         0
        0 0.0122389         0 0.0370341
0.0344363         0  0.257913         0
        0 0.0370341         0  0.267436
x_ = 5.81573
  -12.94
-2.76664
0.693803
P_ =0.0111384         0 0.0347279         0
        0 0.0123487         0 0.0373487
0.0347279         0  0.260557         0
        0 0.0373487         0  0.270161
x_ = 5.54489
-12.8131
 -2.7484
 0.86799
P_ =0.0108393         0 0.0338344         0
        0 0.0120221         0 0.0363991
0.0338344         0  0.252393         0
        0 0.0363991         0  0.261869
x_ = 5.31067
-12.6873
-2.62155
0.986262
P_ = 0.010687         0 0.0333778         0
        0 0.0118524         0 0.0359046
0.0333778         0  0.248085         0
        0 0.0359046         0  0.257411
x_ = 5.09038
-12.5179
-2.48965
 1.20016
P_ =0.0106121         0 0.0331477         0
        0 0.0117672         0 0.0356506
0.0331477         0    0.2459         0
        0 0.0356506         0  0.255104
x_ = 4.87869
-12.3186
-2.29677
 1.40439
P_ =0.0109127         0 0.0340547         0
        0 0.0120945         0 0.0366105
0.0340547         0  0.254428         0
        0 0.0366105         0  0.263733
x_ = 4.69736
-12.0754
-2.14571
  1.7156
P_ =0.0107252         0 0.0334936         0
        0 0.0118908         0 0.0360178
0.0334936         0  0.249173         0
        0 0.0360178         0  0.258427
x_ = 4.55689
-11.8334
-1.91426
 1.92912
P_ =0.0106275         0 0.0331958         0
        0 0.0117827         0 0.0356974
0.0331958         0  0.246355         0
        0 0.0356974         0  0.255528
x_ = 4.45974
-11.5562
-1.61918
 2.18361
P_ =0.0105793         0 0.0330447         0
