Data load is complete.
Number of measurements :1224, Number of ground truths: 1224
Initializing Fusion Extended Kalman Filter
x_ =   8.4473
 0.251463
 -1.09148
0.0893153
P_ =0.0223563         0  0.319388         0
        0 0.0253155         0  0.361666
 0.319388         0   290.319         0
        0  0.361666         0   290.923
x_ =    8.47195
   0.240795
0.000708916
  -0.210637
P_ =  0.0178846 -0.00127188  0.00479755  -0.0354523
-0.00127188   0.0586978  -0.0345277     1.10788
 0.00479755  -0.0345277    0.118654   -0.930216
 -0.0354523     1.10788   -0.930216      30.066
x_ =    8.46435
   0.252012
-0.00988727
  0.0238759
P_ =   0.0101493 -0.000367747    0.0050341  -0.00733038
-0.000367747    0.0230848  -0.00749566     0.246186
   0.0050341  -0.00749566      0.11484    -0.143648
 -0.00733038     0.246186    -0.143648      4.83058
x_ =    8.37521
   0.252491
   -1.12503
-0.00176239
P_ =  0.00936549 -0.000686079   0.00435307  -0.00770912
-0.000686079    0.0323111  -0.00766375     0.255659
  0.00435307  -0.00766375    0.0567356   -0.0836991
 -0.00770912     0.255659   -0.0836991      2.82591
x_ =    8.29073
   0.251127
   -1.14274
-0.00555663
P_ =  0.00692407 -0.000333309   0.00552841  -0.00313951
-0.000333309    0.0186092  -0.00319211     0.111069
  0.00552841  -0.00319211    0.0803589   -0.0291384
 -0.00313951     0.111069   -0.0291384      1.05818
x_ =  8.08364
 0.225489
 -2.56411
-0.159633
P_ =  0.00663905 -0.000430031   0.00442602  -0.00313365
-0.000430031    0.0211552  -0.00316547     0.107503
  0.00442602  -0.00316547    0.0482722   -0.0225751
 -0.00313365     0.107503   -0.0225751     0.790699
x_ =  7.92819
 0.185945
 -2.58849
-0.294063
P_ =  0.00545778 -0.000260614   0.00556297  -0.00172002
-0.000260614    0.0145486  -0.00175853    0.0633415
  0.00556297  -0.00175853    0.0686495   -0.0113422
 -0.00172002    0.0633415   -0.0113422     0.446232
x_ =  7.75678
 0.170279
 -2.91055
-0.299247
P_ =  0.00535665 -0.000258448    0.0044754  -0.00148996
-0.000258448    0.0156969  -0.00123841    0.0614794
   0.0044754  -0.00123841    0.0451369    -0.007382
 -0.00148996    0.0614794    -0.007382     0.371841
x_ =  7.59639
 0.157902
 -2.92889
-0.289103
P_ =  0.00469161 -0.000172756   0.00576297  -0.00092515
-0.000172756    0.0120325 -0.000792987    0.0425721
  0.00576297 -0.000792987    0.0657211  -0.00439828
 -0.00092515    0.0425721  -0.00439828     0.259647
x_ =  7.49349
 0.127878
 -2.40108
-0.330625
P_ =  0.00472317 -0.000167408   0.00472505 -0.000827515
-0.000167408    0.0129612 -0.000563193    0.0426073
  0.00472505 -0.000563193    0.0455096  -0.00327173
-0.000827515    0.0426073  -0.00327173      0.23758
x_ =  7.35804
0.0782885
 -2.40528
-0.426779
P_ =  0.00435519 -0.000118946   0.00643291 -0.000549334
-0.000118946    0.0106848 -0.000389659     0.032784
  0.00643291 -0.000389659    0.0704929  -0.00212123
-0.000549334     0.032784  -0.00212123     0.192273
x_ =  7.20327
0.0443706
 -2.60647
-0.457858
P_ =  0.00441605 -8.08273e-05   0.00503852 -0.000377157
-8.08273e-05    0.0113046  2.54848e-05      0.03348
  0.00503852  2.54848e-05    0.0465467 -0.000565484
-0.000377157      0.03348 -0.000565484     0.188015
x_ =    7.05902
-0.00829253
    -2.6083
  -0.536496
P_ =  0.00417821 -5.14989e-05   0.00679548 -0.000242435
-5.14989e-05    0.0096689  1.56221e-05    0.0276656
  0.00679548  1.56221e-05    0.0712275 -0.000469487
-0.000242435    0.0276656 -0.000469487     0.166863
x_ =   6.96174
-0.0681667
  -2.13469
 -0.627242
P_ =  0.00425327  5.74931e-06   0.00521585 -9.17226e-06
 5.74931e-06     0.010118  0.000495146    0.0287285
  0.00521585  0.000495146    0.0467226   0.00144623
-9.17226e-06    0.0287285   0.00144623     0.168891
x_ =  6.84523
-0.157479
 -2.13527
-0.781162
P_ = 0.00408322 1.95608e-05  0.00698342 2.78391e-05
1.95608e-05  0.00895748 0.000365376   0.0251455
 0.00698342 0.000365376   0.0712684 0.000869007
2.78391e-05   0.0251455 0.000869007     0.15787
x_ =  6.73984
-0.231697
 -2.09921
-0.881976
P_ = 0.00410888 0.000107507  0.00521689 0.000419874
0.000107507  0.00919192  0.00110161   0.0259722
 0.00521689  0.00110161   0.0457866   0.0042333
0.000419874   0.0259722   0.0042333    0.158675
x_ =  6.63559
-0.336187
 -2.10296
 -1.05262
P_ = 0.00392733 0.000108391  0.00665351 0.000374742
0.000108391  0.00825071 0.000849437   0.0233104
 0.00665351 0.000849437   0.0658402  0.00289851
0.000374742   0.0233104  0.00289851    0.149642
x_ =  6.60031
-0.440582
 -1.51016
 -1.23332
P_ = 0.00398044 0.000224744  0.00515305 0.000925691
0.000224744  0.00851242  0.00180813   0.0242679
 0.00515305  0.00180813   0.0448586  0.00759203
0.000925691   0.0242679  0.00759203    0.151594
x_ =   6.5295
-0.547681
 -1.50812
 -1.36275
P_ = 0.00383224 0.000218608    0.006588 0.000805399
0.000218608  0.00784488  0.00143763   0.0224341
   0.006588  0.00143763   0.0649559   0.0053819
0.000805399   0.0224341   0.0053819    0.145576
x_ =  6.49776
-0.689223
  -1.0269
 -1.59746
P_ = 0.00396582 0.000380579  0.00535505  0.00158398
0.000380579  0.00833304   0.0027164    0.023994
 0.00535505   0.0027164   0.0465859   0.0119651
 0.00158398    0.023994   0.0119651    0.151286
x_ =  6.44013
-0.862161
 -1.04521
 -1.84273
P_ = 0.00389143 0.000372926  0.00711939  0.00137091
0.000372926  0.00789541  0.00218618    0.022792
 0.00711939  0.00218618   0.0708007  0.00842063
 0.00137091    0.022792  0.00842063     0.14884
x_ =   6.3512
-0.994309
 -1.30785
  -1.9012
P_ = 0.00404609 0.000598082  0.00584783  0.00250126
0.000598082  0.00832802   0.0040215   0.0240146
 0.00584783   0.0040215   0.0497068   0.0182994
 0.00250126   0.0240146   0.0182994    0.151975
x_ = 6.27159
-1.14621
-1.33521
-2.03868
P_ =0.00397786 0.00057495 0.00756577 0.00214053
0.00057495 0.00788329 0.00323492  0.0227896
0.00756577 0.00323492  0.0731345  0.0129187
0.00214053  0.0227896  0.0129187   0.149246
x_ =   6.34889
   -1.3721
-0.0471072
   -2.5823
P_ = 0.00415751 0.000823332  0.00637877    0.003436
0.000823332  0.00820503  0.00521538    0.023547
 0.00637877  0.00521538   0.0524836   0.0241519
   0.003436    0.023547   0.0241519    0.149972
x_ =   6.34503
  -1.55693
-0.0645509
  -2.70556
P_ = 0.00408192 0.000778809  0.00799459  0.00290554
0.000778809  0.00778136  0.00419977   0.0224433
 0.00799459  0.00419977   0.0750365   0.0171007
 0.00290554   0.0224433   0.0171007    0.147908
x_ =  6.29153
 -1.69003
-0.484988
 -2.61108
P_ =0.00423566 0.00105073 0.00690078  0.0043571
0.00105073 0.00801733  0.0063522  0.0227843
0.00690078  0.0063522  0.0547876  0.0296615
 0.0043571  0.0227843  0.0296615   0.144396
x_ =  6.25859
 -1.85967
-0.518502
 -2.72344
P_ = 0.00409161 0.000957831  0.00805486  0.00363046
0.000957831  0.00747375  0.00510497   0.0213625
 0.00805486  0.00510497   0.0720889   0.0214503
 0.00363046   0.0213625   0.0214503    0.140366
x_ =  6.30163
 -2.06225
0.0988703
 -3.07899
P_ =0.00428365 0.00122638 0.00732164  0.0050436
0.00122638 0.00771701 0.00710542  0.0216556
0.00732164 0.00710542  0.0565571  0.0332927
 0.0050436  0.0216556  0.0332927   0.137157
x_ = 6.31294
 -2.2205
0.108699
 -3.0893
P_ =0.00413663 0.00111635 0.00835873 0.00420205
0.00111635 0.00723802 0.00574927  0.0204902
0.00835873 0.00574927  0.0731012  0.0242451
0.00420205  0.0204902  0.0242451   0.135041
x_ =   6.30279
  -2.37938
-0.0420631
  -3.01096
P_ =0.00445269 0.00146775 0.00811406 0.00589165
0.00146775 0.00774124 0.00806693  0.0214332
0.00811406 0.00806693  0.0614671  0.0378879
0.00589165  0.0214332  0.0378879   0.135323
x_ =   6.30957
  -2.54408
-0.0235087
  -3.00579
P_ =0.00435419 0.00134162 0.00934196 0.00487395
0.00134162 0.00735347 0.00649403  0.0206091
0.00934196 0.00649403  0.0810461  0.0270306
0.00487395  0.0206091  0.0270306   0.136898
x_ = 6.35129
-2.73206
0.320022
-3.17993
P_ =0.00469742 0.00171031 0.00907738 0.00671209
0.00171031 0.00784185 0.00891681  0.0214186
0.00907738 0.00891681  0.0669051  0.0422475
0.00671209  0.0214186  0.0422475   0.135163
x_ = 6.38562
-2.88395
0.366492
-3.11291
P_ = 0.0045586 0.00151813  0.0100982 0.00544216
0.00151813 0.00737198 0.00707901  0.0204309
 0.0100982 0.00707901  0.0849248  0.0299763
0.00544216  0.0204309  0.0299763   0.136465
x_ = 6.39863
 -3.0209
0.276969
-3.01832
P_ =0.00484065 0.00186096 0.00965647 0.00724637
0.00186096 0.00774658 0.00933963  0.0208985
0.00965647 0.00933963  0.0691429   0.044611
0.00724637  0.0208985   0.044611   0.131283
x_ = 6.41975
-3.16364
0.296398
 -2.9938
P_ =0.00459498 0.00159391  0.0101632 0.00579081
0.00159391 0.00713412 0.00736539  0.0195179
 0.0101632 0.00736539   0.082158  0.0322327
0.00579081  0.0195179  0.0322327   0.129925
x_ =   6.469
-3.34412
0.554751
-3.13516
P_ =0.00500479 0.00201895   0.010237 0.00779746
0.00201895 0.00773681 0.00979769  0.0206307
  0.010237 0.00979769  0.0721464  0.0470024
0.00779746  0.0206307  0.0470024   0.129122
x_ = 6.51327
-3.49608
0.594781
-3.07726
P_ =0.00479589 0.00174711  0.0109112 0.00621618
0.00174711 0.00722127 0.00771305  0.0196001
 0.0109112 0.00771305  0.0883015  0.0333586
0.00621618  0.0196001  0.0333586   0.131521
x_ = 6.58851
-3.67712
0.917879
-3.23496
P_ =0.00524633 0.00221713  0.0110702 0.00843316
0.00221713 0.00786894  0.0103729  0.0207457
 0.0110702  0.0103729  0.0768611  0.0499575
0.00843316  0.0207457  0.0499575   0.129282
x_ = 6.67322
-3.81639
 1.01167
-3.12242
P_ =0.00498084 0.00187368  0.0115326 0.00660468
0.00187368 0.00726934 0.00804477  0.0195229
 0.0115326 0.00804477  0.0917496     0.0352
0.00660468  0.0195229     0.0352   0.131351
x_ = 6.72887
-3.96382
0.936346
-3.00349
P_ =0.00546775 0.00239572  0.0117459 0.00902952
0.00239572 0.00799851  0.0108211  0.0209021
 0.0117459  0.0108211  0.0801131  0.0523828
0.00902952  0.0209021  0.0523828   0.129327
x_ = 6.80413
-4.10179
 1.00182
-2.92456
P_ =0.00513746 0.00198208  0.0119828 0.00695709
0.00198208  0.0073177 0.00828304  0.0194682
 0.0119828 0.00828304  0.0939482  0.0366907
0.00695709  0.0194682  0.0366907   0.130967
x_ =  6.8571
-4.24565
0.954862
-2.84829
P_ =0.00565239 0.00254088  0.0122722 0.00951343
0.00254088 0.00809573  0.0111433  0.0209724
 0.0122722  0.0111433  0.0825855  0.0541781
0.00951343  0.0209724  0.0541781    0.12894
x_ = 6.92215
 -4.3826
0.992356
-2.79375
P_ =0.00526071 0.00206638  0.0123109 0.00723697
0.00206638 0.00734527  0.0084416  0.0193643
 0.0123109  0.0084416  0.0955128  0.0378053
0.00723697  0.0193643  0.0378053   0.130255
x_ = 6.95357
 -4.4999
  0.7326
-2.55583
P_ =0.00581042 0.00266249  0.0127405 0.00990982
0.00266249 0.00816164  0.0114159  0.0209424
 0.0127405  0.0114159  0.0848713  0.0556489
0.00990982  0.0209424  0.0556489   0.128082
x_ = 7.01262
-4.60985
0.789349
-2.47227
P_ = 0.0053661  0.0021368  0.0126084 0.00746756
 0.0021368 0.00735477 0.00857528  0.0192092
 0.0126084 0.00857528  0.0970011  0.0387223
0.00746756  0.0192092  0.0387223   0.129307
x_ = 7.07224
-4.74358
0.892664
-2.50642
P_ =0.00594235 0.00276027  0.0131191  0.0102359
0.00276027  0.0082054  0.0115998  0.0208936
 0.0131191  0.0115998  0.0867136  0.0567555
 0.0102359  0.0208936  0.0567555   0.127392
x_ = 7.12942
-4.87316
0.914399
-2.48238
P_ =0.00545496 0.00219333  0.0128568 0.00765623
0.00219333 0.00735984 0.00865705  0.0190836
 0.0128568 0.00865705  0.0983345  0.0393925
0.00765623  0.0190836  0.0393925   0.128673
x_ = 7.22815
 -5.0444
 1.29262
-2.75861
P_ =0.00607013 0.00285534  0.0135255  0.0105401
0.00285534 0.00824314  0.0118129  0.0208221
 0.0135255  0.0118129   0.088736  0.0578648
 0.0105401  0.0208221  0.0578648   0.126508
x_ = 7.30415
-5.18343
 1.30998
-2.72569
P_ = 0.0055391 0.00224695  0.0131153 0.00782978
0.00224695 0.00735563 0.00875627   0.018926
 0.0131153 0.00875627  0.0996223   0.040072
0.00782978   0.018926   0.040072   0.127761
x_ = 7.36413
-5.31681
 1.21928
 -2.6354
P_ =   0.00621 0.00296419  0.0139847   0.010873
0.00296419 0.00829388  0.0120776  0.0207837
 0.0139847  0.0120776   0.090925  0.0590468
  0.010873  0.0207837  0.0590468    0.12566
x_ = 7.43609
 -5.4577
 1.23196
-2.62316
P_ =0.00563279 0.00230895  0.0134113 0.00801167
0.00230895 0.00736101 0.00887777    0.01879
 0.0134113 0.00887777   0.101101  0.0407224
0.00801167    0.01879  0.0407224   0.126944
x_ = 7.51203
-5.59767
  1.2453
-2.60392
P_ =0.00634447 0.00306238  0.0144194  0.0111599
0.00306238 0.00832427   0.012296  0.0206906
 0.0144194   0.012296  0.0929382  0.0600086
 0.0111599  0.0206906  0.0600086   0.124662
x_ = 7.60333
 -5.7129
 1.30958
-2.52722
P_ =0.00571872 0.00236207  0.0136763 0.00816264
0.00236207 0.00735018 0.00897062  0.0186165
 0.0136763 0.00897062   0.102309  0.0412694
0.00816264  0.0186165  0.0412694   0.125945
x_ = 7.66648
-5.83727
 1.24505
-2.45483
P_ =0.00646452 0.00315286  0.0147591  0.0114341
0.00315286  0.0083584  0.0124498  0.0206717
 0.0147591  0.0124498  0.0943538  0.0607582
 0.0114341  0.0206717  0.0607582    0.12416
x_ = 7.73646
-5.96694
 1.25114
 -2.4417
P_ =0.00579235 0.00241004  0.0138723  0.0083008
0.00241004 0.00734996 0.00902164  0.0185193
 0.0138723 0.00902164   0.103192  0.0416581
 0.0083008  0.0185193  0.0416581   0.125381
x_ = 7.84859
-6.13126
 1.68001
-2.79497
P_ =0.00643797 0.00313513  0.0147247  0.0113526
0.00313513 0.00819955  0.0122783  0.0201232
 0.0147247  0.0122783    0.09356  0.0599716
 0.0113526  0.0201232  0.0599716   0.120621
x_ = 7.94139
-6.26078
 1.70437
-2.76666
P_ =0.00568433 0.00236317  0.0135087 0.00825069
0.00236317 0.00712014  0.0089154  0.0177533
 0.0135087  0.0089154  0.0987608  0.0420113
0.00825069  0.0177533  0.0420113   0.119286
x_ = 8.02155
-6.39012
  1.5216
-2.58324
P_ =0.00651677 0.00321757   0.014999   0.011589
0.00321757 0.00819864  0.0124571   0.020039
  0.014999  0.0124571  0.0947355  0.0604612
  0.011589   0.020039  0.0604612   0.119623
x_ = 8.12677
-6.50406
 1.58293
 -2.5075
P_ =0.00582506 0.00246016   0.014012 0.00841366
0.00246016 0.00721727 0.00902466  0.0179932
  0.014012 0.00902466   0.103345  0.0414854
0.00841366  0.0179932  0.0414854   0.121982
x_ =  8.1958
-6.62315
 1.46113
-2.39568
P_ =0.00668595 0.00335175  0.0154789  0.0119409
0.00335175 0.00833149  0.0127161  0.0203431
 0.0154789  0.0127161  0.0972613  0.0616045
 0.0119409  0.0203431  0.0616045    0.12115
x_ = 8.27103
-6.75536
 1.44961
 -2.3991
P_ =0.00592661 0.00252148  0.0142999 0.00854653
0.00252148 0.00727963  0.0090886  0.0181125
 0.0142999  0.0090886   0.105023  0.0419709
0.00854653  0.0181125  0.0419709   0.122828
x_ =  8.3501
-6.88382
 1.47205
-2.41024
P_ =0.00682423 0.00344528  0.0158763  0.0121824
0.00344528 0.00840826  0.0129239   0.020435
 0.0158763  0.0129239  0.0991309  0.0626058
 0.0121824   0.020435  0.0626058   0.121302
x_ = 8.44056
-6.99799
 1.50197
-2.36358
P_ =0.00601019 0.00256428  0.0145289 0.00864911
0.00256428 0.00730601 0.00916024  0.0180879
 0.0145289 0.00916024   0.106174  0.0425147
0.00864911  0.0180879  0.0425147   0.122717
x_ =  8.5058
-7.10739
 1.45532
-2.32289
P_ =0.00678806 0.00341268  0.0157749  0.0120625
0.00341268 0.00827523  0.0127338  0.0199907
 0.0157749  0.0127338  0.0980039  0.0618242
 0.0120625  0.0199907  0.0618242   0.118479
x_ = 8.56884
-7.23259
 1.42955
-2.34827
P_ =  0.005893 0.00250727   0.014119 0.00858138
0.00250727 0.00710121  0.0090514  0.0174149
  0.014119  0.0090514   0.101558  0.0429171
0.00858138  0.0174149  0.0429171   0.117115
x_ = 8.67369
-7.38706
 1.73089
-2.63304
P_ =0.00670393 0.00336195  0.0155989  0.0118915
0.00336195 0.00808099  0.0125367  0.0193948
 0.0155989  0.0125367  0.0964985   0.060657
 0.0118915  0.0193948   0.060657   0.114709
x_ = 8.75161
-7.52794
 1.70729
-2.65794
P_ =0.00584425 0.00249577  0.0140157 0.00853466
0.00249577 0.00697467 0.00898455  0.0170147
 0.0140157 0.00898455   0.100478  0.0423035
0.00853466  0.0170147  0.0423035   0.114442
x_ = 8.80643
 -7.6359
  1.3454
-2.32671
P_ =0.00684317 0.00347589  0.0160722  0.0121726
0.00347589 0.00814647  0.0128307  0.0194968
 0.0160722  0.0128307  0.0991365  0.0615143
 0.0121726  0.0194968  0.0615143   0.115212
x_ = 8.87189
-7.76535
 1.32576
-2.33422
P_ =0.00602482 0.00260036  0.0146509  0.0086783
0.00260036 0.00710576  0.0091202  0.0173716
 0.0146509  0.0091202   0.106014  0.0418827
 0.0086783  0.0173716  0.0418827   0.118284
x_ = 8.94546
-7.89464
 1.41427
-2.43053
P_ = 0.0069082 0.00350782  0.0163101  0.0121847
0.00350782 0.00810822   0.012825  0.0193137
 0.0163101   0.012825   0.100144   0.061481
 0.0121847  0.0193137   0.061481   0.114169
x_ = 8.99902
-8.02869
 1.37012
-2.46667
P_ =0.00597318 0.00256771  0.0144745 0.00863309
0.00256771 0.00695862 0.00906481  0.0168661
 0.0144745 0.00906481   0.102953  0.0425658
0.00863309  0.0168661  0.0425658   0.113927
x_ = 9.03221
-8.12432
 1.06314
-2.18117
P_ = 0.0070459  0.0035927  0.0167435  0.0124155
 0.0035927 0.00813984  0.0130691  0.0193043
 0.0167435  0.0130691   0.102181   0.062419
 0.0124155  0.0193043   0.062419   0.113947
x_ = 9.08211
-8.24769
 1.04231
-2.19278
P_ =0.00615528 0.00265739  0.0150685 0.00876969
0.00265739 0.00706942 0.00919721  0.0171502
 0.0150685 0.00919721   0.107966  0.0423133
0.00876969  0.0171502  0.0423133   0.117282
x_ = 9.15652
-8.38744
 1.23571
-2.39899
P_ =0.00710231 0.00360099  0.0169335  0.0123817
0.00360099 0.00807225  0.0130202  0.0190368
 0.0169335  0.0130202   0.102935  0.0622344
 0.0123817  0.0190368  0.0622344   0.112539
x_ = 9.19646
-8.52605
 1.17805
-2.45097
P_ =0.00609527 0.00261235  0.0148544 0.00871135
0.00261235 0.00690555 0.00913379  0.0165941
 0.0148544 0.00913379   0.104693  0.0429718
0.00871135  0.0165941  0.0429718   0.112609
x_ = 9.23505
-8.63648
0.954223
-2.23857
P_ =0.00724066 0.00367322  0.0173713  0.0125834
0.00367322 0.00808102  0.0132492  0.0189605
 0.0173713  0.0132492    0.10501   0.063055
 0.0125834  0.0189605   0.063055   0.112013
x_ =  9.2748
-8.76709
0.922007
 -2.2611
P_ =0.00628109 0.00269611   0.015455 0.00883457
0.00269611 0.00700179 0.00926304  0.0168407
  0.015455 0.00926304   0.109728  0.0426344
0.00883457  0.0168407  0.0426344    0.11583
x_ = 9.40201
 -8.9779
 1.64487
-3.01725
P_ =0.00730142 0.00367491  0.0175786  0.0125298
0.00367491 0.00799984  0.0131931  0.0186544
 0.0175786  0.0131931   0.105871  0.0627909
 0.0125298  0.0186544  0.0627909   0.110433
x_ = 9.47143
-9.13973
 1.61078
-3.04739
P_ =0.00622381 0.00264793  0.0152572 0.00876641
0.00264793 0.00683238 0.00919883   0.016267
 0.0152572 0.00919883   0.106596  0.0432406
0.00876641   0.016267  0.0432406   0.111054
x_ =  9.5099
  -9.244
 1.24467
-2.66494
P_ =0.00728407 0.00363788  0.0175846  0.0124023
0.00363788 0.00783472  0.0130678  0.0181364
 0.0175846  0.0130678   0.105231  0.0620135
 0.0124023  0.0181364  0.0620135   0.107241
x_ = 9.56633
-9.37421
 1.23302
  -2.661
P_ =0.00621978 0.00263868  0.0152666  0.0087283
0.00263868 0.00672003 0.00916299   0.015904
 0.0152666 0.00916299   0.106055  0.0428467
 0.0087283   0.015904  0.0428467   0.108737
x_ = 9.60242
-9.48298
 1.05284
-2.48333
P_ =0.00729877 0.00362986  0.0176597  0.0123422
0.00362986 0.00771911    0.01298  0.0177932
 0.0176597    0.01298    0.10529  0.0613638
 0.0123422  0.0177932  0.0613638   0.105352
x_ = 9.62096
-9.63077
0.964621
-2.55087
P_ =0.00623188 0.00263906  0.0153204 0.00869721
0.00263906 0.00663853 0.00911542  0.0156656
 0.0153204 0.00911542   0.106059  0.0424264
0.00869721  0.0156656  0.0424264   0.107381
x_ = 9.68224
-9.78087
 1.07907
-2.69367
P_ =0.00734391 0.00363474  0.0178548  0.0122878
0.00363474 0.00762319  0.0129472  0.0174728
 0.0178548  0.0129472   0.106123  0.0609477
 0.0122878  0.0174728  0.0609477   0.103622
x_ = 9.70922
-9.93103
 1.01053
-2.73953
P_ =0.00626644 0.00264378  0.0154627 0.00865865
0.00264378   0.006568 0.00908878  0.0154394
 0.0154627 0.00908878   0.106658  0.0421295
0.00865865  0.0154394  0.0421295   0.106203
x_ =  9.7319
-10.0445
0.760318
-2.46874
P_ =0.00758848 0.00376172  0.0186077  0.0125993
0.00376172 0.00770609  0.0133053  0.0176074
 0.0186077  0.0133053    0.11023  0.0623141
 0.0125993  0.0176074  0.0623141    0.10467
x_ = 9.76772
-10.1739
0.749254
-2.45749
P_ =0.00651646 0.00274365  0.0162523 0.00878924
0.00274365 0.00670075 0.00923483  0.0158179
 0.0162523 0.00923483   0.112996  0.0420096
0.00878924  0.0158179  0.0420096   0.110638
x_ =  9.8118
-10.3078
0.772199
-2.49245
P_ =0.00770669   0.003783  0.0189511  0.0126125
  0.003783 0.00767312  0.0133027  0.0174526
 0.0189511  0.0133027   0.111833  0.0625249
 0.0126125  0.0174526  0.0625249   0.103983
x_ = 9.81864
-10.4543
0.689312
-2.55396
P_ =0.00648768 0.00269939  0.0161262 0.00874286
0.00269939 0.00656769 0.00918533  0.0153461
 0.0161262 0.00918533   0.110414  0.0428836
0.00874286  0.0153461  0.0428836   0.106389
x_ = 9.86055
-10.6051
0.773771
-2.66347
P_ =0.00789493 0.00385273  0.0195154  0.0128193
0.00385273 0.00768997   0.013542  0.0173902
 0.0195154   0.013542   0.114564  0.0635004
 0.0128193  0.0173902  0.0635004   0.103655
x_ = 9.88736
-10.7585
0.734157
 -2.6847
P_ =0.00670894 0.00277569  0.0167956 0.00885468
0.00277569 0.00666406  0.0093072   0.015603
 0.0167956  0.0093072    0.11579  0.0426171
0.00885468   0.015603  0.0426171   0.109923
x_ =  9.9051
-10.8812
 0.54209
-2.47004
P_ =0.00817192 0.00396169  0.0203053  0.0130991
0.00396169 0.00777833  0.0138471  0.0175118
 0.0203053  0.0138471   0.118731  0.0648527
 0.0130991  0.0175118  0.0648527    0.10461
x_ = 9.90208
-11.0355
0.457563
  -2.524
P_ = 0.0068688 0.00281024   0.017237  0.0089297
0.00281024 0.00669763   0.009393  0.0156183
  0.017237   0.009393   0.118351  0.0432465
 0.0089297  0.0156183  0.0432465   0.110452
x_ = 9.92345
-11.1668
0.474177
-2.56176
P_ =0.00818694 0.00389536  0.0203652  0.0128812
0.00389536 0.00762821  0.0136409  0.0169885
 0.0203652  0.0136409   0.118644  0.0640679
 0.0128812  0.0169885  0.0640679   0.101695
x_ = 9.91071
-11.3212
0.377753
 -2.6335
P_ =0.00678244 0.00273163  0.0169595 0.00881145
0.00273163 0.00649733 0.00929165  0.0149161
 0.0169595 0.00929165   0.114766  0.0436954
0.00881145  0.0149161  0.0436954    0.10466
x_ = 9.92725
  -11.46
0.374499
-2.65637
P_ =0.00812368 0.00379726  0.0202568   0.012587
0.00379726 0.00740235  0.0133659  0.0162933
 0.0202568  0.0133659   0.117537   0.062619
  0.012587  0.0162933   0.062619  0.0977877
x_ = 9.90776
-11.6159
0.275114
-2.72185
P_ = 0.0067612 0.00269282  0.0169345 0.00869922
0.00269282 0.00634928 0.00919501  0.0144521
 0.0169345 0.00919501   0.114015  0.0429454
0.00869922  0.0144521  0.0429454   0.101907
x_ =  9.87418
  -11.691
-0.149034
 -2.19354
P_ =0.00813045 0.00374607   0.020366  0.0123774
0.00374607 0.00722678  0.0131866  0.0157564
  0.020366  0.0131866   0.117834  0.0614148
 0.0123774  0.0157564  0.0614148  0.0950501
x_ =  9.82679
 -11.8252
-0.253534
 -2.26246
P_ =0.00677756 0.00266989  0.0170377 0.00858817
0.00266989 0.00622798 0.00910382  0.0140907
 0.0170377 0.00910382    0.11421  0.0421955
0.00858817  0.0140907  0.0421955  0.0999987
x_ =  9.81416
 -11.9496
-0.212093
 -2.34531
P_ =0.00817281 0.00371003   0.020574  0.0121981
0.00371003 0.00707521  0.0130359  0.0152948
  0.020574  0.0130359     0.1187  0.0604608
 0.0121981  0.0152948  0.0604608   0.092791
x_ =   9.7495
 -12.1044
-0.356084
 -2.44665
P_ =0.00681504 0.00265081  0.0172005 0.00847953
0.00265081 0.00612184 0.00901373  0.0137811
 0.0172005 0.00901373   0.114814  0.0415813
0.00847953  0.0137811  0.0415813  0.0984621
x_ =  9.71102
  -12.202
-0.553953
 -2.19407
P_ =0.00825071 0.00368144  0.0209006  0.0120207
0.00368144 0.00693435  0.0129165  0.0148366
 0.0209006  0.0129165   0.120203  0.0596486
 0.0120207  0.0148366  0.0596486   0.090544
x_ =  9.63842
  -12.336
-0.671017
 -2.26321
P_ =0.00687543 0.00263223  0.0174376 0.00836183
0.00263223  0.0060204 0.00893139  0.0134671
 0.0174376 0.00893139   0.115847  0.0410413
0.00836183  0.0134671  0.0410413  0.0969497
x_ =   9.5667
 -12.3973
-0.970575
   -1.858
P_ =0.00834834 0.00365321   0.021268  0.0118596
0.00365321 0.00680107  0.0127971  0.0144033
  0.021268  0.0127971   0.121895  0.0589411
 0.0118596  0.0144033  0.0589411  0.0884866
x_ = 9.46344
-12.5225
  -1.115
-1.94655
P_ = 0.0069473 0.00261185  0.0176952 0.00825013
0.00261185 0.00592432 0.00884609  0.0131708
 0.0176952 0.00884609   0.117009  0.0405655
0.00825013  0.0131708  0.0405655  0.0955823
x_ = 9.39949
-12.6344
-1.12022
 -1.9628
P_ =0.00866502 0.00372812  0.0222594   0.011995
0.00372812 0.00680183  0.0130142   0.014283
 0.0222594  0.0130142   0.127189  0.0596869
  0.011995   0.014283  0.0596869  0.0885077
x_ = 9.29836
-12.7606
-1.22335
-2.01563
P_ =0.00725124  0.0026727  0.0186215 0.00826727
 0.0026727 0.00599593 0.00889992  0.0134019
 0.0186215 0.00889992    0.12386  0.0401013
0.00826727  0.0134019  0.0401013  0.0996237
x_ = 9.18866
-12.7834
-1.67418
-1.33859
P_ =0.00883756 0.00369582  0.0228071  0.0118166
0.00369582 0.00670121  0.0128794  0.0138992
 0.0228071  0.0128794   0.129957  0.0592218
 0.0118166  0.0138992  0.0592218  0.0867634
x_ = 9.00965
 -12.904
-1.92711
-1.48432
P_ =0.00725125 0.00259622  0.0186389 0.00810371
0.00259622 0.00583439 0.00877236  0.0128014
 0.0186389 0.00877236   0.122336  0.0405041
0.00810371  0.0128014  0.0405041  0.0945801
x_ = 8.88431
-12.9621
-2.05669
-1.30363
P_ =0.00908263 0.00368525  0.0236222  0.0117149
0.00368525  0.0066102  0.0128933  0.0134601
 0.0236222  0.0128933   0.134011  0.0590283
 0.0117149  0.0134601  0.0590283  0.0847453
x_ = 8.73439
-13.0484
-2.15318
-1.34678
P_ =0.00752139 0.00261389  0.0194661 0.00802334
0.00261389 0.00584217  0.0087523  0.0128001
 0.0194661  0.0087523   0.128158  0.0396165
0.00802334  0.0128001  0.0396165  0.0970781
x_ =  8.6048
-13.0785
-2.34681
-1.02996
P_ =0.00920003 0.00359235  0.0240213  0.0113619
0.00359235  0.0064433  0.0125849  0.0128866
 0.0240213  0.0125849   0.135994  0.0576717
 0.0113619  0.0128866  0.0576717  0.0820851
x_ = 8.44163
-13.1502
-2.46735
-1.08694
P_ =0.00749165 0.00250942  0.0194171 0.00777621
0.00250942  0.0056427 0.00854668  0.0120845
 0.0194171 0.00854668   0.126262  0.0394904
0.00777621  0.0120845  0.0394904  0.0913844
x_ =  8.27793
 -13.1481
 -2.73374
-0.598013
P_ =0.00941658 0.00354913  0.0247356  0.0111956
0.00354913 0.00632203  0.0124808  0.0124178
 0.0247356  0.0124808   0.139474  0.0570027
 0.0111956  0.0124178  0.0570027  0.0800146
x_ =  8.09889
 -13.1846
 -2.80625
-0.615213
P_ =0.00775142  0.0025103  0.0201955 0.00766424
 0.0025103 0.00563357 0.00846681  0.0120871
 0.0201955 0.00846681   0.131752  0.0383072
0.00766424  0.0120871  0.0383072  0.0940284
x_ =  7.93022
 -13.1865
 -2.91403
-0.407787
P_ =0.00973593 0.00353287  0.0257001  0.0110636
0.00353287 0.00626106  0.0124071  0.0121254
 0.0257001  0.0124071   0.144628  0.0566019
 0.0110636  0.0121254  0.0566019  0.0791587
x_ =  7.77272
 -13.1998
 -2.90391
-0.388729
P_ =0.00793998 0.00247049  0.0207532 0.00750356
0.00247049 0.00558488 0.00834236  0.0118935
 0.0207532 0.00834236   0.135001  0.0378945
0.00750356  0.0118935  0.0378945  0.0935731
x_ =   7.6418
 -13.2586
 -2.76517
-0.679676
P_ =0.00972248 0.00337083  0.0256914  0.0105808
0.00337083 0.00605502  0.0118991  0.0114994
 0.0256914  0.0118991   0.144443  0.0546151
 0.0105808  0.0114994  0.0546151  0.0758253
x_ =  7.48784
 -13.2897
 -2.80284
-0.679677
P_ =0.00783335 0.00233973   0.020483 0.00722346
0.00233973 0.00536813 0.00806983  0.0111344
  0.020483 0.00806983   0.131864  0.0374769
0.00722346  0.0111344  0.0374769  0.0871588
x_ = 7.31488
-13.2763
-2.95911
-0.33688
P_ =0.00986055 0.00328823  0.0261838  0.0103192
0.00328823 0.00591552  0.0116697  0.0110219
 0.0261838  0.0116697    0.14681  0.0533297
 0.0103192  0.0110219  0.0533297  0.0735906
x_ =  7.16018
 -13.2821
 -2.93406
-0.309681
P_ =0.00805375 0.00232026  0.0211451 0.00706891
0.00232026  0.0053451  0.0079314  0.0111339
 0.0211451  0.0079314   0.136576  0.0359574
0.00706891  0.0111339  0.0359574  0.0897243
x_ = 6.98543
-13.2116
-3.18826
 0.28698
P_ =0.00987721 0.00315391  0.0262703 0.00987517
0.00315391 0.00574628  0.0112104  0.0105394
 0.0262703  0.0112104   0.147347  0.0512991
0.00987517  0.0105394  0.0512991   0.071262
x_ = 6.83818
-13.1853
-3.15249
0.313633
P_ =0.00795683 0.00220013  0.0209212 0.00677642
0.00220013 0.00515546 0.00764694  0.0104865
 0.0209212 0.00764694   0.133941  0.0353313
0.00677642  0.0104865  0.0353313  0.0840149
x_ = 6.66504
-13.1531
-3.20038
0.456767
P_ =  0.010008 0.00307768  0.0267218 0.00965148
0.00307768 0.00563454  0.0109789  0.0101815
 0.0267218  0.0109789   0.149611  0.0501849
0.00965148  0.0101815  0.0501849  0.0696662
x_ = 6.51909
-13.1092
-3.11704
0.501915
P_ =0.00817225  0.0021813  0.0215561 0.00664058
 0.0021813 0.00515128 0.00750248  0.0105755
 0.0215561 0.00750248   0.138583  0.0339517
0.00664058  0.0105755  0.0339517  0.0870947
x_ = 6.36034
-13.1128
-3.00335
0.242905
P_ = 0.0102618 0.00303874  0.0274802 0.00949264
0.00303874 0.00559529  0.0108213  0.0100216
 0.0274802  0.0108213   0.153872  0.0494888
0.00949264  0.0100216  0.0494888  0.0693516
x_ = 6.22361
-13.0838
  -2.925
0.281017
P_ =0.00831917 0.00213405  0.0219932 0.00647796
0.00213405 0.00512694 0.00734035  0.0104946
 0.0219932 0.00734035   0.141341  0.0333503
0.00647796  0.0104946  0.0333503  0.0870668
x_ = 6.05919
-13.0427
-2.98735
 0.47209
P_ = 0.0104363 0.00296466  0.0280212 0.00925103
0.00296466 0.00553556  0.0105791 0.00976546
 0.0280212  0.0105791   0.156826  0.0484877
0.00925103 0.00976546  0.0484877  0.0680933
x_ = 5.91808
 -12.999
-2.92188
0.512468
P_ =0.00842356 0.00207258   0.022313 0.00629608
0.00207258 0.00508505 0.00715891  0.0103141
  0.022313 0.00715891   0.143211  0.0326694
0.00629608  0.0103141  0.0326694   0.086172
x_ = 5.75012
-12.8781
-3.17996
 1.25287
P_ = 0.0102948 0.00278958  0.0276556 0.00874441
0.00278958 0.00536853  0.0100231  0.0092714
 0.0276556  0.0100231   0.155014  0.0461869
0.00874441  0.0092714  0.0461869  0.0651986
x_ = 5.61902
-12.7951
-3.10037
 1.29872
P_ =0.00824039 0.00194307  0.0218602  0.0060085
0.00194307  0.0048982 0.00685814 0.00962691
 0.0218602 0.00685814   0.139277  0.0319232
 0.0060085 0.00962691  0.0319232   0.079835
x_ = 5.46439
-12.7576
-2.96045
0.964881
P_ = 0.0103216 0.00269195  0.0278215 0.00849159
0.00269195  0.0052621 0.00973048 0.00894017
 0.0278215 0.00973048   0.155874  0.0448135
0.00849159 0.00894017  0.0448135  0.0637243
x_ = 5.35661
-12.6828
 -2.8107
 1.02065
P_ =0.00840445 0.00191439  0.0223543 0.00587342
0.00191439 0.00489364  0.0066947 0.00973001
 0.0223543  0.0066947      0.143  0.0304638
0.00587342 0.00973001  0.0304638  0.0830606
x_ =  5.1954
-12.5701
-2.93074
 1.44128
P_ = 0.0105072 0.00264434  0.0283881 0.00833628
0.00264434 0.00523314 0.00954431 0.00884236
 0.0283881 0.00954431   0.159187  0.0439865
0.00833628 0.00884236  0.0439865  0.0637136
x_ = 5.07231
-12.4785
-2.82766
 1.47438
P_ =0.00851147 0.00186814   0.022684  0.0057279
0.00186814 0.00487907 0.00652879 0.00969838
  0.022684 0.00652879   0.145163  0.0297887
 0.0057279 0.00969838  0.0297887  0.0832397
x_ = 4.92655
-12.3982
-2.79624
 1.45886
P_ = 0.0106048 0.00256802  0.0287051 0.00811926
0.00256802   0.005192 0.00929098 0.00867678
 0.0287051 0.00929098   0.161153  0.0430128
0.00811926 0.00867678  0.0430128   0.062895
x_ = 4.83753
-12.2924
-2.61963
 1.52335
P_ =0.00857182  0.0018109  0.0228853 0.00557449
 0.0018109 0.00485236 0.00635365 0.00958482
 0.0228853 0.00635365    0.14646  0.0291415
0.00557449 0.00958482  0.0291415  0.0826304
x_ = 4.70655
-12.1834
-2.65597
 1.71567
P_ = 0.0103909 0.00241853  0.0281183 0.00774712
0.00241853 0.00506458 0.00881625 0.00834199
 0.0281183 0.00881625   0.158317   0.041222
0.00774712 0.00834199   0.041222  0.0607453
x_ = 4.64453
-12.0778
-2.46473
  1.7709
P_ =0.00834247 0.00170294  0.0223032 0.00537442
0.00170294  0.0046949 0.00610517  0.0090021
 0.0223032 0.00610517   0.141949  0.0286393
0.00537442  0.0090021  0.0286393  0.0767022
x_ = 4.51764
-11.9556
-2.47917
 1.94844
P_ = 0.0103656 0.00235194  0.0281198 0.00764882
0.00235194 0.00499768 0.00862151 0.00816262
 0.0281198 0.00862151   0.158383  0.0404518
0.00764882 0.00816262  0.0404518  0.0600008
x_ = 4.48703
-11.8093
-2.18962
 2.04841
P_ = 0.0084776   0.001695  0.0227056 0.00534271
  0.001695 0.00471688 0.00600999 0.00921285
 0.0227056 0.00600999   0.145169  0.0276065
0.00534271 0.00921285  0.0276065  0.0805186
x_ =  4.3963
-11.7274
-2.03178
 1.74958
P_ = 0.0104715 0.00234381  0.0284061 0.00775116
0.00234381 0.00501516 0.00857445  0.0082709
 0.0284061 0.00857445   0.160387  0.0406632
0.00775116  0.0082709  0.0406632  0.0610162
x_ = 4.38916
-11.6002
-1.74826
 1.83521
P_ =0.00853094 0.00168371   0.022858 0.00538284
0.00168371  0.0047384 0.00595941 0.00932488
  0.022858 0.00595941    0.14647  0.0276274
0.00538284 0.00932488  0.0276274  0.0812839
x_ =  4.2804
-11.3873
-2.03656
  2.8068
P_ = 0.0102382 0.00227054  0.0277132 0.00769972
0.00227054 0.00495565 0.00834424 0.00819378
 0.0277132 0.00834424   0.157065  0.0402012
0.00769972 0.00819378  0.0402012  0.0600713
x_ = 4.28123
-11.2105
-1.75602
 2.90362
P_ =0.00827678 0.00162663  0.0221734 0.00538704
0.00162663 0.00463062 0.00586134 0.00891942
 0.0221734 0.00586134   0.141552  0.0279317
0.00538704 0.00891942  0.0279317  0.0760989
x_ = 4.23582
-11.1293
-1.43535
 2.20181
P_ = 0.0101408 0.00226875  0.0274496 0.00790556
0.00226875 0.00495317 0.00836502 0.00825107
 0.0274496 0.00836502   0.156039  0.0407583
0.00790556 0.00825107  0.0407583  0.0604659
x_ = 4.27141
-10.9719
-1.12368
 2.30323
P_ =0.00836486  0.0016688    0.02242 0.00556939
 0.0016688 0.00470318 0.00592365 0.00930452
   0.02242 0.00592365     0.1442  0.0277799
0.00556939 0.00930452  0.0277799  0.0807413
x_ = 4.22874
-10.8337
-1.08229
 2.36554
P_ = 0.0101919  0.0023366  0.0275422 0.00831624
 0.0023366 0.00504139 0.00856784 0.00860099
 0.0275422 0.00856784   0.157192   0.042297
0.00831624 0.00860099   0.042297  0.0626376
x_ =   4.2806
 -10.6707
-0.780544
  2.46194
P_ =0.00838134 0.00171323  0.0224498 0.00581924
0.00171323  0.0047785 0.00604091 0.00958958
 0.0224498 0.00604091   0.145009  0.0286448
0.00581924 0.00958958  0.0286448  0.0823314
x_ =  4.25877
 -10.5379
-0.715238
    2.438
P_ = 0.0101376 0.00240142  0.0273137 0.00875121
0.00240142 0.00513689 0.00878242 0.00895048
 0.0273137 0.00878242   0.156591  0.0440434
0.00875121 0.00895048  0.0440434  0.0643096
x_ =  4.30595
 -10.3741
-0.480089
  2.52346
P_ =0.00833898 0.00176355  0.0223034 0.00611633
0.00176355 0.00485517 0.00619616 0.00983748
 0.0223034 0.00619616   0.144712  0.0297536
0.00611633 0.00983748  0.0297536  0.0833591
x_ =   4.3081
 -10.2446
-0.368892
  2.42289
P_ = 0.0100259 0.00246809  0.0269299 0.00916679
0.00246809 0.00523681 0.00900807 0.00929833
 0.0269299 0.00900807     0.1552  0.0457151
0.00916679 0.00929833  0.0457151  0.0659543
x_ =   4.38869
  -10.0771
-0.0954422
   2.52407
P_ = 0.0082684 0.00181879  0.0220855 0.00641335
0.00181879 0.00493452 0.00636546  0.0100848
 0.0220855 0.00636546   0.144008   0.030835
0.00641335  0.0100848   0.030835  0.0844501
x_ =   4.40934
  -9.94115
-0.0107089
   2.48918
P_ =0.00986922  0.0025452   0.026385 0.00965043
 0.0025452 0.00535025 0.00926282 0.00972816
  0.026385 0.00926282   0.152915   0.047664
0.00965043 0.00972816   0.047664  0.0680979
x_ = 4.49585
-9.77438
0.224681
 2.58031
P_ =0.00816651 0.00188424  0.0217601 0.00676598
0.00188424 0.00502415 0.00656534   0.010389
 0.0217601 0.00656534   0.142673  0.0321369
0.00676598   0.010389  0.0321369   0.085801
x_ = 4.51955
-9.61329
0.244667
 2.65654
P_ =0.00968107 0.00263112  0.0257334  0.0101556
0.00263112 0.00548032 0.00954115  0.0102355
 0.0257334 0.00954115   0.150078  0.0497189
 0.0101556  0.0102355  0.0497189    0.07065
x_ = 4.60962
-9.44733
0.448547
  2.7267
P_ =0.00804663 0.00195788  0.0213748  0.0071393
0.00195788   0.005129 0.00678465    0.01076
 0.0213748 0.00678465   0.141062  0.0335146
 0.0071393    0.01076  0.0335146  0.0875391
x_ = 4.67804
-9.32773
0.664146
 2.46569
P_ =0.00946053  0.0027162  0.0249805  0.0106356
 0.0027162 0.00562363 0.00981177  0.0108018
 0.0249805 0.00981177   0.146753  0.0517137
 0.0106356  0.0108018  0.0517137  0.0734987
x_ = 4.80097
 -9.1601
0.896343
 2.56716
P_ =0.00790197  0.0020309  0.0209167 0.00750275
 0.0020309 0.00524255 0.00700206  0.0111666
 0.0209167 0.00700206   0.139045  0.0349044
0.00750275  0.0111666  0.0349044  0.0893591
x_ = 4.88072
-9.05325
 1.09686
 2.32711
P_ =0.00901011 0.00272472  0.0235465  0.0108624
0.00272472 0.00568361  0.0098321  0.0112164
 0.0235465  0.0098321   0.139509  0.0525396
 0.0108624  0.0112164  0.0525396  0.0751175
x_ = 4.96978
-8.92997
 1.18586
 2.35786
P_ =0.00750546 0.00203408  0.0197223 0.00775063
0.00203408 0.00522088 0.00709824  0.0111353
 0.0197223 0.00709824   0.131299  0.0363907
0.00775063  0.0111353  0.0363907  0.0861929
x_ = 5.05333
-8.80647
 1.25336
 2.31593
P_ =0.00875771  0.0028103  0.0227428  0.0112781
 0.0028103 0.00581916  0.0101045  0.0118022
 0.0227428  0.0101045   0.135491  0.0541007
 0.0112781  0.0118022  0.0541007  0.0780992
x_ = 5.17456
-8.65584
 1.39343
 2.38903
P_ =0.00746269 0.00215145  0.0195773 0.00810483
0.00215145 0.00541236 0.00734513  0.0119082
 0.0195773 0.00734513   0.132029  0.0368457
0.00810483  0.0119082  0.0368457  0.0923273
x_ = 5.28179
-8.56212
 1.61517
   2.142
P_ =0.00843544   0.002854  0.0216706  0.0114998
  0.002854 0.00594364  0.0101796  0.0124221
 0.0216706  0.0101796    0.13015  0.0549271
 0.0114998  0.0124221  0.0549271  0.0811435
x_ = 5.39218
-8.44086
 1.69412
 2.18676
P_ =0.00713012 0.00215766  0.0185404 0.00829001
0.00215766 0.00543457 0.00741539  0.0120447
 0.0185404 0.00741539   0.125218  0.0382313
0.00829001  0.0120447  0.0382313  0.0903549
x_ = 5.49431
-8.33246
 1.74161
 2.12395
P_ =0.00823344 0.00294909  0.0209466  0.0119125
0.00294909 0.00613945  0.0104524  0.0132029
 0.0209466  0.0104524   0.126495  0.0565907
 0.0119125  0.0132029  0.0565907  0.0851381
x_ = 5.57136
-8.22706
 1.69113
 2.09002
P_ =0.00710021 0.00227535  0.0184008 0.00862099
0.00227535 0.00567775 0.00764708   0.012966
 0.0184008 0.00764708   0.126222  0.0387147
0.00862099   0.012966  0.0387147   0.097134
x_ = 5.66604
-8.10623
  1.6978
 2.10253
P_ = 0.0081572 0.00307804  0.0206039  0.0123208
0.00307804 0.00642068  0.0108118   0.014154
 0.0206039  0.0108118   0.125288  0.0585416
 0.0123208   0.014154  0.0585416  0.0902127
x_ =5.79121
 -7.973
1.78213
2.15703
P_ =0.00702663 0.00235129  0.0181321 0.00885643
0.00235129 0.00588864 0.00784055  0.0136555
 0.0181321 0.00784055   0.125459   0.039908
0.00885643  0.0136555   0.039908   0.100705
x_ =5.90456
 -7.861
1.87478
2.07728
P_ =0.00800377 0.00315716  0.0199527   0.012647
0.00315716 0.00668449   0.011025  0.0150795
 0.0199527   0.011025   0.122111  0.0601525
  0.012647  0.0150795  0.0601525  0.0949597
x_ = 6.02474
-7.73851
 1.91922
  2.1046
P_ =0.00690295 0.00240229  0.0176561  0.0090773
0.00240229 0.00608971 0.00798319  0.0143207
 0.0176561 0.00798319   0.123338  0.0410412
 0.0090773  0.0143207  0.0410412    0.10393
x_ = 6.13415
-7.62612
 1.94656
 2.07624
P_ =0.00781309 0.00320978  0.0191837  0.0128845
0.00320978  0.0069404  0.0111695  0.0159853
 0.0191837  0.0111695   0.118275  0.0612915
 0.0128845  0.0159853  0.0612915  0.0995687
x_ =6.24283
 -7.518
1.94827
 2.0641
P_ =0.00675696 0.00243868  0.0171081 0.00924994
0.00243868 0.00628578   0.008091  0.0149741
 0.0171081   0.008091   0.120789  0.0418837
0.00924994  0.0149741  0.0418837   0.107074
x_ = 6.35971
-7.41435
  2.0143
 1.99644
P_ = 0.0076117 0.00324268  0.0184222  0.0130156
0.00324268 0.00718167  0.0112684  0.0168231
 0.0184222  0.0112684    0.11447  0.0619695
 0.0130156  0.0168231  0.0619695   0.103767
x_ = 6.45924
-7.32177
 1.98172
 1.95246
P_ =0.00660563  0.0024614   0.016567 0.00935326
 0.0024614 0.00646768 0.00816643  0.0155717
  0.016567 0.00816643    0.11819   0.042427
0.00935326  0.0155717   0.042427   0.109895
x_ = 6.58966
-7.24098
 2.23821
 1.73192
P_ =0.00726532 0.00316738   0.017331  0.0127387
0.00316738 0.00724884    0.01105  0.0171463
  0.017331    0.01105   0.108547  0.0608571
 0.0127387  0.0171463  0.0608571   0.104874
x_ = 6.71746
-7.14651
 2.27804
 1.75915
P_ =0.00627379 0.00238714  0.0155011 0.00923314
0.00238714 0.00643161  0.0080648  0.0154913
 0.0155011  0.0080648   0.110541  0.0427235
0.00923314  0.0154913  0.0427235   0.106972
x_ =6.79583
-7.0201
1.96146
2.01384
P_ =0.00705436 0.00318048  0.0165657  0.0127942
