Data load is complete.
Number of measurements :100, Number of ground truths: 100
Initializing Fusion Extended Kalman Filter
x_ =  1.55941
-0.138498
  1.56125
-0.138771
P_ =0.0224995         0 0.0225275         0
        0 0.0254994         0 0.0255311
0.0225275         0     3.271         0
        0 0.0255311         0   3.27401
x_ =  3.88784
-0.134814
  2.63112
 0.059616
P_ =0.0224098         0 0.0312516         0
        0 0.0253844         0 0.0353512
0.0312516         0   1.44611         0
        0 0.0353512         0   1.46134
x_ = 6.86148
0.413544
 3.17261
0.829385
P_ =0.0223669         0 0.0353595         0
        0 0.0253304         0 0.0398953
0.0353595         0   1.05249         0
        0 0.0398953         0    1.0794
x_ =  9.08363
    0.598
  1.60851
-0.225799
P_ =0.0223519         0 0.0367829         0
        0 0.0253121         0 0.0414136
0.0367829         0  0.917507         0
        0 0.0414136         0  0.953304
x_ =11.5695
1.65701
3.07488
1.90609
P_ =0.0223459         0 0.0373476         0
        0 0.0253051         0 0.0419891
0.0373476         0  0.863959         0
        0 0.0419891         0  0.905526
x_ =  13.5994
  2.32161
  1.31711
-0.165399
P_ =0.0223434         0 0.0375845         0
        0 0.0253024         0 0.0422184
0.0375845         0  0.841503         0
        0 0.0422184         0  0.886489
x_ =16.6335
2.89718
4.21319
1.07373
P_ =0.0223424         0 0.0376861         0
        0 0.0253013         0 0.0423116
0.0376861         0  0.831868         0
        0 0.0423116         0  0.878753
x_ = 19.0235
 3.70763
 1.13427
0.633036
P_ =0.0223419         0 0.0377301         0
        0 0.0253008         0 0.0423498
0.0377301         0  0.827693         0
        0 0.0423498         0  0.875584
x_ = 21.323
4.72899
3.10309
1.28329
P_ =0.0223417         0 0.0377493         0
        0 0.0253006         0 0.0423655
0.0377493         0  0.825877         0
        0 0.0423655         0  0.874282
x_ = 24.0812
 5.57314
 2.52018
0.547835
P_ =0.0223416         0 0.0377576         0
        0 0.0253005         0 0.0423719
0.0377576         0  0.825085         0
        0 0.0423719         0  0.873746
x_ =26.6052
6.95445
2.52675
1.94378
P_ =0.0223416         0 0.0377613         0
        0 0.0253005         0 0.0423746
0.0377613         0  0.824739         0
        0 0.0423746         0  0.873525
x_ = 29.5832
 8.09423
 3.28942
0.597167
P_ =0.0223416         0 0.0377629         0
        0 0.0253005         0 0.0423757
0.0377629         0  0.824589         0
        0 0.0423757         0  0.873434
x_ =31.9482
9.87087
1.72683
2.57268
P_ =0.0223415         0 0.0377636         0
        0 0.0253005         0 0.0423761
0.0377636         0  0.824523         0
        0 0.0423761         0  0.873397
x_ =  34.6091
  10.7125
  3.30568
-0.326764
P_ =0.0223415         0 0.0377639         0
        0 0.0253005         0 0.0423763
0.0377639         0  0.824494         0
        0 0.0423763         0  0.873381
x_ =37.1458
 12.075
2.00597
2.50272
P_ =0.0223415         0  0.037764         0
        0 0.0253005         0 0.0423764
 0.037764         0  0.824482         0
        0 0.0423764         0  0.873375
x_ = 40.3202
 13.4753
 3.98102
0.656243
P_ =0.0223415         0 0.0377641         0
        0 0.0253005         0 0.0423764
0.0377641         0  0.824476         0
        0 0.0423764         0  0.873372
x_ =42.7772
14.8239
1.40489
 1.8159
P_ =0.0223415         0 0.0377641         0
        0 0.0253005         0 0.0423764
0.0377641         0  0.824474         0
        0 0.0423764         0  0.873371
x_ =45.3489
16.5531
3.37721
1.67062
P_ =0.0223415         0 0.0377641         0
        0 0.0253005         0 0.0423764
0.0377641         0  0.824473         0
        0 0.0423764         0  0.873371
x_ = 48.1581
 17.2908
 2.41707
0.108135
P_ =0.0223415         0 0.0377641         0
        0 0.0253005         0 0.0423764
0.0377641         0  0.824472         0
        0 0.0423764         0   0.87337
x_ =50.6224
 19.059
2.49694
2.88861
P_ =0.0223415         0 0.0377641         0
        0 0.0253005         0 0.0423764
0.0377641         0  0.824472         0
        0 0.0423764         0   0.87337
x_ = 53.7225
 19.9142
 3.51639
-0.51715
P_ =0.0223415         0 0.0377641         0
        0 0.0253005         0 0.0423764
0.0377641         0  0.824472         0
        0 0.0423764         0   0.87337
x_ =56.0407
 21.079
1.49112
2.29998
P_ =0.0223415         0 0.0377641         0
        0 0.0253005         0 0.0423764
0.0377641         0  0.824472         0
        0 0.0423764         0   0.87337
x_ =  58.6552
  21.7946
  3.38999
-0.353854
P_ =0.0223415         0 0.0377641         0
        0 0.0253005         0 0.0423764
0.0377641         0  0.824472         0
        0 0.0423764         0   0.87337
x_ =60.8805
22.7771
1.42125
1.88451
P_ =0.0223415         0 0.0377641         0
        0 0.0253005         0 0.0423764
0.0377641         0  0.824472         0
        0 0.0423764         0   0.87337
x_ =  63.3745
  23.4167
  3.23448
-0.200612
P_ =0.0223415         0 0.0377641         0
        0 0.0253005         0 0.0423764
0.0377641         0  0.824472         0
        0 0.0423764         0   0.87337
x_ =66.3422
23.9898
2.78355
 1.0952
P_ =0.0223415         0 0.0377641         0
        0 0.0253005         0 0.0423764
0.0377641         0  0.824472         0
        0 0.0423764         0   0.87337
x_ = 68.2681
 24.3639
 1.33394
-0.11259
P_ =0.0223415         0 0.0377641         0
        0 0.0253005         0 0.0423764
0.0377641         0  0.824472         0
        0 0.0423764         0   0.87337
x_ = 70.8188
 24.8794
 3.39067
0.939548
P_ =0.0223415         0 0.0377641         0
        0 0.0253005         0 0.0423764
0.0377641         0  0.824472         0
        0 0.0423764         0   0.87337
x_ =  72.9015
  24.7222
  1.17978
-0.897503
P_ =0.0223415         0 0.0377641         0
        0 0.0253005         0 0.0423764
0.0377641         0  0.824472         0
        0 0.0423764         0   0.87337
x_ =74.9956
25.2482
2.72521
1.48682
P_ =0.0223415         0 0.0377641         0
        0 0.0253005         0 0.0423764
0.0377641         0  0.824472         0
        0 0.0423764         0   0.87337
x_ = 77.1267
 24.9438
 1.72091
-1.51339
P_ =0.0223415         0 0.0377641         0
        0 0.0253005         0 0.0423764
0.0377641         0  0.824472         0
        0 0.0423764         0   0.87337
x_ =79.1071
25.0243
2.15952
1.15626
P_ =0.0223415         0 0.0377641         0
        0 0.0253005         0 0.0423764
0.0377641         0  0.824472         0
        0 0.0423764         0   0.87337
x_ = 80.8107
 24.8791
 1.38887
-1.02362
P_ =0.0223415         0 0.0377641         0
        0 0.0253005         0 0.0423764
0.0377641         0  0.824472         0
        0 0.0423764         0   0.87337
x_ = 82.6186
 24.6332
 2.09724
0.279005
P_ =0.0223415         0 0.0377641         0
        0 0.0253005         0 0.0423764
0.0377641         0  0.824472         0
        0 0.0423764         0   0.87337
x_ =  84.1772
  24.5533
   1.1867
-0.322194
P_ =0.0223415         0 0.0377641         0
        0 0.0253005         0 0.0423764
0.0377641         0  0.824472         0
        0 0.0423764         0   0.87337
x_ = 85.6358
 23.8113
  1.6464
-1.02527
P_ =0.0223415         0 0.0377641         0
        0 0.0253005         0 0.0423764
0.0377641         0  0.824472         0
        0 0.0423764         0   0.87337
x_ = 86.9473
 23.5212
 1.08027
0.206175
P_ =0.0223415         0 0.0377641         0
        0 0.0253005         0 0.0423764
0.0377641         0  0.824472         0
        0 0.0423764         0   0.87337
x_ = 88.8171
 22.7943
 2.41477
-1.35678
P_ =0.0223415         0 0.0377641         0
        0 0.0253005         0 0.0423764
0.0377641         0  0.824472         0
        0 0.0423764         0   0.87337
x_ =  89.5089
  22.3014
-0.497542
0.0901382
P_ =0.0223415         0 0.0377641         0
        0 0.0253005         0 0.0423764
0.0377641         0  0.824472         0
        0 0.0423764         0   0.87337
x_ = 90.5027
 21.6733
 2.02328
-1.11273
P_ =0.0223415         0 0.0377641         0
        0 0.0253005         0 0.0423764
0.0377641         0  0.824472         0
        0 0.0423764         0   0.87337
x_ =  91.7235
  21.1109
 0.666876
-0.191022
P_ =0.0223415         0 0.0377641         0
        0 0.0253005         0 0.0423764
0.0377641         0  0.824472         0
        0 0.0423764         0   0.87337
x_ =  92.8566
  20.9535
   1.4549
-0.134783
P_ =0.0223415         0 0.0377641         0
        0 0.0253005         0 0.0423764
0.0377641         0  0.824472         0
        0 0.0423764         0   0.87337
x_ =  93.4728
  20.2202
0.0372201
 -1.13718
P_ =0.0223415         0 0.0377641         0
        0 0.0253005         0 0.0423764
0.0377641         0  0.824472         0
        0 0.0423764         0   0.87337
x_ =  95.3101
   19.654
  3.07999
-0.180855
P_ =0.0223415         0 0.0377641         0
        0 0.0253005         0 0.0423764
0.0377641         0  0.824472         0
        0 0.0423764         0   0.87337
x_ = 95.5242
 19.6966
-1.76426
0.193502
P_ =0.0223415         0 0.0377641         0
        0 0.0253005         0 0.0423764
0.0377641         0  0.824472         0
        0 0.0423764         0   0.87337
x_ = 96.2464
 19.1654
 2.43863
-1.02031
P_ =0.0223415         0 0.0377641         0
        0 0.0253005         0 0.0423764
0.0377641         0  0.824472         0
        0 0.0423764         0   0.87337
x_ =   97.5368
   18.7224
  0.497702
-0.0534266
P_ =0.0223415         0 0.0377641         0
        0 0.0253005         0 0.0423764
0.0377641         0  0.824472         0
        0 0.0423764         0   0.87337
x_ =  98.2092
  18.3762
 0.793089
-0.543798
P_ =0.0223415         0 0.0377641         0
        0 0.0253005         0 0.0423764
0.0377641         0  0.824472         0
        0 0.0423764         0   0.87337
x_ =  99.036
 17.3607
0.850068
-1.33388
P_ =0.0223415         0 0.0377641         0
        0 0.0253005         0 0.0423764
0.0377641         0  0.824472         0
        0 0.0423764         0   0.87337
x_ = 99.9961
 16.9807
 1.03596
0.263795
P_ =0.0223415         0 0.0377641         0
        0 0.0253005         0 0.0423764
0.0377641         0  0.824472         0
        0 0.0423764         0   0.87337
x_ =  101.203
  16.5424
  1.32424
-0.912196
P_ =0.0223415         0 0.0377641         0
        0 0.0253005         0 0.0423764
0.0377641         0  0.824472         0
        0 0.0423764         0   0.87337
x_ = 102.388
 16.3932
 1.08922
0.365823
P_ =0.0223415         0 0.0377641         0
        0 0.0253005         0 0.0423764
0.0377641         0  0.824472         0
        0 0.0423764         0   0.87337
x_ = 103.007
  15.364
0.294315
-1.97072
P_ =0.0223415         0 0.0377641         0
        0 0.0253005         0 0.0423764
0.0377641         0  0.824472         0
        0 0.0423764         0   0.87337
x_ =104.109
15.2561
1.65944
 1.1494
P_ =0.0223415         0 0.0377641         0
        0 0.0253005         0 0.0423764
0.0377641         0  0.824472         0
        0 0.0423764         0   0.87337
x_ = 105.543
 14.4566
 1.27808
-2.11489
P_ =0.0223415         0 0.0377641         0
        0 0.0253005         0 0.0423764
0.0377641         0  0.824472         0
        0 0.0423764         0   0.87337
x_ = 106.831
 14.0348
  1.2959
0.720944
P_ =0.0223415         0 0.0377641         0
        0 0.0253005         0 0.0423764
0.0377641         0  0.824472         0
        0 0.0423764         0   0.87337
x_ = 108.084
  13.669
 1.22302
-1.09938
P_ =0.0223415         0 0.0377641         0
        0 0.0253005         0 0.0423764
0.0377641         0  0.824472         0
        0 0.0423764         0   0.87337
x_ = 109.533
 13.5635
 1.60481
0.565381
P_ =0.0223415         0 0.0377641         0
        0 0.0253005         0 0.0423764
0.0377641         0  0.824472         0
        0 0.0423764         0   0.87337
x_ = 111.064
 12.5935
 1.47959
-2.00631
P_ =0.0223415         0 0.0377641         0
        0 0.0253005         0 0.0423764
0.0377641         0  0.824472         0
        0 0.0423764         0   0.87337
x_ = 112.91
12.4729
2.09972
1.15205
P_ =0.0223415         0 0.0377641         0
        0 0.0253005         0 0.0423764
0.0377641         0  0.824472         0
        0 0.0423764         0   0.87337
x_ =  114.802
   12.559
  1.74941
-0.633307
P_ =0.0223415         0 0.0377641         0
        0 0.0253005         0 0.0423764
0.0377641         0  0.824472         0
        0 0.0423764         0   0.87337
x_ =  116.686
  12.1022
  1.97636
-0.337701
P_ =0.0223415         0 0.0377641         0
        0 0.0253005         0 0.0423764
0.0377641         0  0.824472         0
        0 0.0423764         0   0.87337
x_ =  118.951
  11.9991
  2.46357
0.0552915
P_ =0.0223415         0 0.0377641         0
        0 0.0253005         0 0.0423764
0.0377641         0  0.824472         0
        0 0.0423764         0   0.87337
x_ =   120.7
 12.2899
 1.25642
0.449838
P_ =0.0223415         0 0.0377641         0
        0 0.0253005         0 0.0423764
0.0377641         0  0.824472         0
        0 0.0423764         0   0.87337
x_ =123.557
 12.829
3.96136
0.59927
P_ =0.0223415         0 0.0377641         0
        0 0.0253005         0 0.0423764
0.0377641         0  0.824472         0
        0 0.0423764         0   0.87337
x_ =  124.912
  12.7794
-0.443464
-0.487522
P_ =0.0223415         0 0.0377641         0
        0 0.0253005         0 0.0423764
0.0377641         0  0.824472         0
        0 0.0423764         0   0.87337
x_ =127.829
13.3192
5.23674
 1.2331
P_ =0.0223415         0 0.0377641         0
        0 0.0253005         0 0.0423764
0.0377641         0  0.824472         0
        0 0.0423764         0   0.87337
x_ =   129.969
    13.703
0.00228063
 -0.189367
P_ =0.0223415         0 0.0377641         0
        0 0.0253005         0 0.0423764
0.0377641         0  0.824472         0
        0 0.0423764         0   0.87337
x_ =132.077
14.4992
3.56111
1.46147
P_ =0.0223415         0 0.0377641         0
        0 0.0253005         0 0.0423764
0.0377641         0  0.824472         0
        0 0.0423764         0   0.87337
x_ =   135.077
   15.0546
   2.61352
-0.0561659
P_ =0.0223415         0 0.0377641         0
        0 0.0253005         0 0.0423764
0.0377641         0  0.824472         0
        0 0.0423764         0   0.87337
x_ =137.562
16.2052
2.39465
1.96501
P_ =0.0223415         0 0.0377641         0
        0 0.0253005         0 0.0423764
0.0377641         0  0.824472         0
        0 0.0423764         0   0.87337
x_ =  140.329
  17.0171
  3.02446
0.0336866
P_ =0.0223415         0 0.0377641         0
        0 0.0253005         0 0.0423764
0.0377641         0  0.824472         0
        0 0.0423764         0   0.87337
x_ =142.892
17.9845
2.24429
1.59751
P_ =0.0223415         0 0.0377641         0
        0 0.0253005         0 0.0423764
0.0377641         0  0.824472         0
        0 0.0423764         0   0.87337
x_ =  145.39
  19.165
 2.67402
0.899035
P_ =0.0223415         0 0.0377641         0
        0 0.0253005         0 0.0423764
0.0377641         0  0.824472         0
        0 0.0423764         0   0.87337
x_ = 148.25
20.4721
2.98735
1.58265
P_ =0.0223415         0 0.0377641         0
        0 0.0253005         0 0.0423764
0.0377641         0  0.824472         0
        0 0.0423764         0   0.87337
x_ = 150.69
22.1138
2.06249
1.68142
P_ =0.0223415         0 0.0377641         0
        0 0.0253005         0 0.0423764
0.0377641         0  0.824472         0
        0 0.0423764         0   0.87337
x_ =153.417
23.4932
3.18657
1.17569
P_ =0.0223415         0 0.0377641         0
        0 0.0253005         0 0.0423764
0.0377641         0  0.824472         0
        0 0.0423764         0   0.87337
x_ =156.051
24.8073
2.25128
1.40753
P_ =0.0223415         0 0.0377641         0
        0 0.0253005         0 0.0423764
0.0377641         0  0.824472         0
        0 0.0423764         0   0.87337
x_ =158.901
26.0322
3.26353
1.10159
P_ =0.0223415         0 0.0377641         0
        0 0.0253005         0 0.0423764
0.0377641         0  0.824472         0
        0 0.0423764         0   0.87337
x_ =161.417
27.4233
2.00039
 1.5865
P_ =0.0223415         0 0.0377641         0
        0 0.0253005         0 0.0423764
0.0377641         0  0.824472         0
        0 0.0423764         0   0.87337
x_ =163.624
28.7702
2.34918
1.18507
P_ =0.0223415         0 0.0377641         0
        0 0.0253005         0 0.0423764
0.0377641         0  0.824472         0
        0 0.0423764         0   0.87337
x_ =166.822
30.2043
3.78418
1.60218
P_ =0.0223415         0 0.0377641         0
        0 0.0253005         0 0.0423764
0.0377641         0  0.824472         0
        0 0.0423764         0   0.87337
x_ =169.108
31.3751
1.25186
0.87974
P_ =0.0223415         0 0.0377641         0
        0 0.0253005         0 0.0423764
0.0377641         0  0.824472         0
        0 0.0423764         0   0.87337
x_ =172.162
32.3397
4.29903
 1.0219
P_ =0.0223415         0 0.0377641         0
        0 0.0253005         0 0.0423764
0.0377641         0  0.824472         0
        0 0.0423764         0   0.87337
x_ =174.656
33.4617
1.24695
1.18954
P_ =0.0223415         0 0.0377641         0
        0 0.0253005         0 0.0423764
0.0377641         0  0.824472         0
        0 0.0423764         0   0.87337
x_ = 177.022
 34.2045
 3.13909
0.441166
P_ =0.0223415         0 0.0377641         0
        0 0.0253005         0 0.0423764
0.0377641         0  0.824472         0
        0 0.0423764         0   0.87337
x_ =180.146
35.1384
3.11248
1.26652
P_ =0.0223415         0 0.0377641         0
        0 0.0253005         0 0.0423764
0.0377641         0  0.824472         0
        0 0.0423764         0   0.87337
x_ = 182.604
 35.7581
 2.00709
0.183187
P_ =0.0223415         0 0.0377641         0
        0 0.0253005         0 0.0423764
0.0377641         0  0.824472         0
        0 0.0423764         0   0.87337
x_ =184.731
 36.511
2.20981
1.13732
P_ =0.0223415         0 0.0377641         0
        0 0.0253005         0 0.0423764
0.0377641         0  0.824472         0
        0 0.0423764         0   0.87337
x_ =  186.946
   36.946
  2.21895
-0.038998
P_ =0.0223415         0 0.0377641         0
        0 0.0253005         0 0.0423764
0.0377641         0  0.824472         0
        0 0.0423764         0   0.87337
x_ =189.463
37.4013
2.72244
0.78887
P_ =0.0223415         0 0.0377641         0
        0 0.0253005         0 0.0423764
0.0377641         0  0.824472         0
        0 0.0423764         0   0.87337
x_ =  191.738
   37.568
   1.9668
-0.253196
P_ =0.0223415         0 0.0377641         0
        0 0.0253005         0 0.0423764
0.0377641         0  0.824472         0
        0 0.0423764         0   0.87337
x_ =  193.473
  37.2792
  1.57394
-0.312801
P_ =0.0223415         0 0.0377641         0
        0 0.0253005         0 0.0423764
0.0377641         0  0.824472         0
        0 0.0423764         0   0.87337
x_ = 195.985
 37.3957
 3.15936
0.406248
P_ =0.0223415         0 0.0377641         0
        0 0.0253005         0 0.0423764
0.0377641         0  0.824472         0
        0 0.0423764         0   0.87337
x_ = 197.735
 37.7291
0.776853
0.284286
P_ =0.0223415         0 0.0377641         0
        0 0.0253005         0 0.0423764
0.0377641         0  0.824472         0
        0 0.0423764         0   0.87337
x_ =  199.289
  37.2919
  2.09046
-0.924255
P_ =0.0223415         0 0.0377641         0
        0 0.0253005         0 0.0423764
0.0377641         0  0.824472         0
        0 0.0423764         0   0.87337
x_ = 201.548
 36.9924
 2.37588
0.122232
P_ =0.0223415         0 0.0377641         0
        0 0.0253005         0 0.0423764
0.0377641         0  0.824472         0
        0 0.0423764         0   0.87337
x_ =  202.969
   36.462
 0.762289
-0.970923
P_ =0.0223415         0 0.0377641         0
        0 0.0253005         0 0.0423764
0.0377641         0  0.824472         0
        0 0.0423764         0   0.87337
x_ = 203.989
 36.1912
 1.19723
0.201737
P_ =0.0223415         0 0.0377641         0
        0 0.0253005         0 0.0423764
0.0377641         0  0.824472         0
        0 0.0423764         0   0.87337
Accuracy - RMSE:
0.217995
 0.19416
 0.93745
0.800829
